dst_median dataCount_y maxCount_y probOcc pred_prob pred_MLT pred_Lat
-95.0   0.02 0.04 24 50.5
-95.0   0.02 0.02 1 50.5
-95.0 2.0 333.0 0.01 0.01 2 50.5
-95.0 5.0 333.0 0.02 0.0 3 50.5
-95.0 2.0 333.0 0.01 0.0 4 50.5
-95.0 9.0 333.0 0.03 0.0 5 50.5
-95.0 2.0 333.0 0.01 0.0 6 50.5
-95.0   0.02 0.0 7 50.5
-95.0   0.02 0.0 8 50.5
-95.0   0.02 0.0 9 50.5
-95.0   0.02 0.0 10 50.5
-95.0   0.02 0.0 11 50.5
-95.0   0.02 0.0 12 50.5
-95.0   0.02 0.0 13 50.5
-95.0   0.02 0.0 14 50.5
-95.0   0.02 0.0 15 50.5
-95.0   0.02 0.0 16 50.5
-95.0   0.02 0.0 17 50.5
-95.0   0.02 0.01 18 50.5
-95.0   0.02 0.03 19 50.5
-95.0 2.0 333.0 0.01 0.05 20 50.5
-95.0 1.0 333.0 0.0 0.07 21 50.5
-95.0   0.02 0.07 22 50.5
-95.0 5.0 333.0 0.02 0.08 24 51.5
-95.0 2.0 333.0 0.01 0.04 1 51.5
-95.0 12.0 333.0 0.04 0.01 2 51.5
-95.0 3.0 333.0 0.01 0.0 3 51.5
-95.0 4.0 333.0 0.01 0.0 4 51.5
-95.0 5.0 333.0 0.02 0.0 5 51.5
-95.0   0.02 0.0 6 51.5
-95.0   0.02 0.0 7 51.5
-95.0   0.02 0.0 8 51.5
-95.0   0.02 0.0 9 51.5
-95.0   0.02 0.0 10 51.5
-95.0   0.02 0.0 11 51.5
-95.0   0.02 0.0 12 51.5
-95.0   0.02 0.0 13 51.5
-95.0   0.02 0.0 14 51.5
-95.0   0.02 0.0 15 51.5
-95.0   0.02 0.01 16 51.5
-95.0 9.0 333.0 0.03 0.02 17 51.5
-95.0 30.0 333.0 0.09 0.04 18 51.5
-95.0 9.0 333.0 0.03 0.08 19 51.5
-95.0 22.0 333.0 0.07 0.13 20 51.5
-95.0 17.0 333.0 0.05 0.17 21 51.5
-95.0 21.0 333.0 0.06 0.16 22 51.5
-95.0 37.0 333.0 0.11 0.13 24 52.5
-95.0 19.0 333.0 0.06 0.06 1 52.5
-95.0 37.0 333.0 0.11 0.02 2 52.5
-95.0 10.0 333.0 0.03 0.01 3 52.5
-95.0 9.0 333.0 0.03 0.0 4 52.5
-95.0   0.02 0.0 5 52.5
-95.0   0.02 0.0 6 52.5
-95.0   0.02 0.0 7 52.5
-95.0   0.02 0.0 8 52.5
-95.0   0.02 0.0 9 52.5
-95.0   0.02 0.0 10 52.5
-95.0   0.02 0.0 11 52.5
-95.0   0.02 0.0 12 52.5
-95.0   0.02 0.0 13 52.5
-95.0   0.02 0.0 14 52.5
-95.0   0.02 0.0 15 52.5
-95.0 1.0 333.0 0.0 0.02 16 52.5
-95.0 28.0 333.0 0.08 0.05 17 52.5
-95.0 67.0 333.0 0.2 0.11 18 52.5
-95.0 35.0 333.0 0.11 0.21 19 52.5
-95.0 71.0 333.0 0.21 0.3 20 52.5
-95.0 65.0 333.0 0.2 0.34 21 52.5
-95.0 61.0 333.0 0.18 0.31 22 52.5
-95.0 47.0 333.0 0.14 0.16 24 53.5
-95.0 45.0 333.0 0.14 0.07 1 53.5
-95.0 45.0 333.0 0.14 0.02 2 53.5
-95.0 12.0 333.0 0.04 0.01 3 53.5
-95.0   0.02 0.0 4 53.5
-95.0   0.02 0.0 5 53.5
-95.0   0.02 0.0 6 53.5
-95.0   0.02 0.0 7 53.5
-95.0   0.02 0.0 8 53.5
-95.0   0.02 0.0 9 53.5
-95.0   0.02 0.0 10 53.5
-95.0   0.02 0.0 11 53.5
-95.0   0.02 0.0 12 53.5
-95.0   0.02 0.0 13 53.5
-95.0   0.02 0.0 14 53.5
-95.0   0.02 0.01 15 53.5
-95.0   0.02 0.04 16 53.5
-95.0 6.0 333.0 0.02 0.11 17 53.5
-95.0 35.0 333.0 0.11 0.24 18 53.5
-95.0 65.0 333.0 0.2 0.41 19 53.5
-95.0 181.0 333.0 0.54 0.55 20 53.5
-95.0 178.0 333.0 0.53 0.58 21 53.5
-95.0 134.0 333.0 0.4 0.48 22 53.5
-95.0 69.0 333.0 0.21 0.17 24 54.5
-95.0 68.0 333.0 0.2 0.06 1 54.5
-95.0 44.0 333.0 0.13 0.02 2 54.5
-95.0 24.0 333.0 0.07 0.0 3 54.5
-95.0 1.0 333.0 0.0 0.0 4 54.5
-95.0   0.02 0.0 5 54.5
-95.0   0.02 0.0 6 54.5
-95.0   0.02 0.0 7 54.5
-95.0   0.02 0.0 8 54.5
-95.0   0.02 0.0 9 54.5
-95.0   0.02 0.0 10 54.5
-95.0   0.02 0.0 11 54.5
-95.0   0.02 0.0 12 54.5
-95.0   0.02 0.0 13 54.5
-95.0   0.02 0.01 14 54.5
-95.0   0.02 0.03 15 54.5
-95.0 10.0 333.0 0.03 0.09 16 54.5
-95.0 25.0 333.0 0.08 0.22 17 54.5
-95.0 63.0 333.0 0.19 0.44 18 54.5
-95.0 182.0 333.0 0.55 0.67 19 54.5
-95.0 328.0 333.0 0.98 0.82 20 54.5
-95.0 268.0 333.0 0.8 0.79 21 54.5
-95.0 199.0 333.0 0.6 0.6 22 54.5
-95.0 76.0 333.0 0.23 0.15 24 55.5
-95.0 71.0 333.0 0.21 0.05 1 55.5
-95.0 52.0 333.0 0.16 0.01 2 55.5
-95.0 24.0 333.0 0.07 0.0 3 55.5
-95.0 6.0 333.0 0.02 0.0 4 55.5
-95.0   0.02 0.0 5 55.5
-95.0   0.02 0.0 6 55.5
-95.0   0.02 0.0 7 55.5
-95.0   0.02 0.0 8 55.5
-95.0   0.02 0.0 9 55.5
-95.0   0.02 0.0 10 55.5
-95.0   0.02 0.0 11 55.5
-95.0   0.02 0.0 12 55.5
-95.0   0.02 0.0 13 55.5
-95.0   0.02 0.01 14 55.5
-95.0 3.0 333.0 0.01 0.05 15 55.5
-95.0 17.0 333.0 0.05 0.15 16 55.5
-95.0 61.0 333.0 0.18 0.35 17 55.5
-95.0 150.0 333.0 0.45 0.63 18 55.5
-95.0 261.0 333.0 0.78 0.9 19 55.5
-95.0 333.0 333.0 1.0 1.0 20 55.5
-95.0 274.0 333.0 0.82 0.89 21 55.5
-95.0 223.0 333.0 0.67 0.62 22 55.5
-95.0 55.0 333.0 0.17 0.1 24 56.5
-95.0 70.0 333.0 0.21 0.03 1 56.5
-95.0 47.0 333.0 0.14 0.01 2 56.5
-95.0 20.0 333.0 0.06 0.0 3 56.5
-95.0 11.0 333.0 0.03 0.0 4 56.5
-95.0 3.0 333.0 0.01 0.0 5 56.5
-95.0   0.02 0.0 6 56.5
-95.0   0.02 0.0 7 56.5
-95.0   0.02 0.0 8 56.5
-95.0   0.02 0.0 9 56.5
-95.0   0.02 0.0 10 56.5
-95.0   0.02 0.0 11 56.5
-95.0   0.02 0.0 12 56.5
-95.0   0.02 0.01 13 56.5
-95.0   0.02 0.02 14 56.5
-95.0 9.0 333.0 0.03 0.08 15 56.5
-95.0 17.0 333.0 0.05 0.22 16 56.5
-95.0 108.0 333.0 0.32 0.46 17 56.5
-95.0 219.0 333.0 0.66 0.75 18 56.5
-95.0 290.0 333.0 0.87 0.97 19 56.5
-95.0 333.0 333.0 1.0 1.0 20 56.5
-95.0 298.0 333.0 0.89 0.81 21 56.5
-95.0 228.0 333.0 0.68 0.52 22 56.5
-95.0 46.0 333.0 0.14 0.06 24 57.5
-95.0 44.0 333.0 0.13 0.02 1 57.5
-95.0 33.0 333.0 0.1 0.0 2 57.5
-95.0 6.0 333.0 0.02 0.0 3 57.5
-95.0 12.0 333.0 0.04 0.0 4 57.5
-95.0 7.0 333.0 0.02 0.0 5 57.5
-95.0   0.02 0.0 6 57.5
-95.0   0.02 0.0 7 57.5
-95.0   0.02 0.0 8 57.5
-95.0   0.02 0.0 9 57.5
-95.0   0.02 0.0 10 57.5
-95.0   0.02 0.0 11 57.5
-95.0   0.02 0.0 12 57.5
-95.0   0.02 0.01 13 57.5
-95.0 2.0 333.0 0.01 0.03 14 57.5
-95.0 17.0 333.0 0.05 0.1 15 57.5
-95.0 23.0 333.0 0.07 0.25 16 57.5
-95.0 101.0 333.0 0.3 0.48 17 57.5
-95.0 218.0 333.0 0.65 0.72 18 57.5
-95.0 270.0 333.0 0.81 0.86 19 57.5
-95.0 278.0 333.0 0.83 0.81 20 57.5
-95.0 220.0 333.0 0.66 0.6 21 57.5
-95.0 130.0 333.0 0.39 0.35 22 57.5
-95.0 32.0 333.0 0.1 0.03 24 58.5
-95.0 24.0 333.0 0.07 0.01 1 58.5
-95.0 24.0 333.0 0.07 0.0 2 58.5
-95.0 6.0 333.0 0.02 0.0 3 58.5
-95.0 8.0 333.0 0.02 0.0 4 58.5
-95.0 3.0 333.0 0.01 0.0 5 58.5
-95.0   0.02 0.0 6 58.5
-95.0   0.02 0.0 7 58.5
-95.0   0.02 0.0 8 58.5
-95.0   0.02 0.0 9 58.5
-95.0   0.02 0.0 10 58.5
-95.0   0.02 0.0 11 58.5
-95.0   0.02 0.0 12 58.5
-95.0   0.02 0.01 13 58.5
-95.0   0.02 0.04 14 58.5
-95.0 23.0 333.0 0.07 0.11 15 58.5
-95.0 31.0 333.0 0.09 0.24 16 58.5
-95.0 101.0 333.0 0.3 0.41 17 58.5
-95.0 204.0 333.0 0.61 0.57 18 58.5
-95.0 192.0 333.0 0.58 0.62 19 58.5
-95.0 181.0 333.0 0.54 0.54 20 58.5
-95.0 124.0 333.0 0.37 0.36 21 58.5
-95.0 106.0 333.0 0.32 0.19 22 58.5
-95.0 7.0 333.0 0.02 0.01 24 59.5
-95.0 12.0 333.0 0.04 0.0 1 59.5
-95.0 9.0 333.0 0.03 0.0 2 59.5
-95.0 1.0 333.0 0.0 0.0 3 59.5
-95.0   0.02 0.0 4 59.5
-95.0   0.02 0.0 5 59.5
-95.0   0.02 0.0 6 59.5
-95.0   0.02 0.0 7 59.5
-95.0   0.02 0.0 8 59.5
-95.0   0.02 0.0 9 59.5
-95.0   0.02 0.0 10 59.5
-95.0   0.02 0.0 11 59.5
-95.0   0.02 0.0 12 59.5
-95.0 1.0 333.0 0.0 0.01 13 59.5
-95.0 2.0 333.0 0.01 0.03 14 59.5
-95.0 22.0 333.0 0.07 0.09 15 59.5
-95.0 39.0 333.0 0.12 0.18 16 59.5
-95.0 120.0 333.0 0.36 0.29 17 59.5
-95.0 143.0 333.0 0.43 0.37 18 59.5
-95.0 119.0 333.0 0.36 0.37 19 59.5
-95.0 95.0 333.0 0.29 0.29 20 59.5
-95.0 83.0 333.0 0.25 0.18 21 59.5
-95.0 51.0 333.0 0.15 0.09 22 59.5
-95.0 5.0 333.0 0.02 0.0 24 60.5
-95.0   0.02 0.0 1 60.5
-95.0   0.02 0.0 2 60.5
-95.0   0.02 0.0 3 60.5
-95.0   0.02 0.0 4 60.5
-95.0   0.02 0.0 5 60.5
-95.0   0.02 0.0 6 60.5
-95.0   0.02 0.0 7 60.5
-95.0   0.02 0.0 8 60.5
-95.0   0.02 0.0 9 60.5
-95.0   0.02 0.0 10 60.5
-95.0   0.02 0.0 11 60.5
-95.0   0.02 0.0 12 60.5
-95.0   0.02 0.01 13 60.5
-95.0 6.0 333.0 0.02 0.03 14 60.5
-95.0 22.0 333.0 0.07 0.06 15 60.5
-95.0 48.0 333.0 0.14 0.11 16 60.5
-95.0 112.0 333.0 0.34 0.17 17 60.5
-95.0 98.0 333.0 0.29 0.19 18 60.5
-95.0 101.0 333.0 0.3 0.18 19 60.5
-95.0 51.0 333.0 0.15 0.13 20 60.5
-95.0 53.0 333.0 0.16 0.07 21 60.5
-95.0 23.0 333.0 0.07 0.03 22 60.5
-95.0   0.02 0.0 24 61.5
-95.0   0.02 0.0 1 61.5
-95.0   0.02 0.0 2 61.5
-95.0   0.02 0.0 3 61.5
-95.0   0.02 0.0 4 61.5
-95.0   0.02 0.0 5 61.5
-95.0   0.02 0.0 6 61.5
-95.0   0.02 0.0 7 61.5
-95.0   0.02 0.0 8 61.5
-95.0   0.02 0.0 9 61.5
-95.0   0.02 0.0 10 61.5
-95.0   0.02 0.0 11 61.5
-95.0   0.02 0.0 12 61.5
-95.0   0.02 0.01 13 61.5
-95.0 5.0 333.0 0.02 0.02 14 61.5
-95.0 24.0 333.0 0.07 0.03 15 61.5
-95.0 28.0 333.0 0.08 0.06 16 61.5
-95.0 53.0 333.0 0.16 0.08 17 61.5
-95.0 72.0 333.0 0.22 0.08 18 61.5
-95.0 41.0 333.0 0.12 0.07 19 61.5
-95.0 9.0 333.0 0.03 0.05 20 61.5
-95.0 16.0 333.0 0.05 0.02 21 61.5
-95.0 11.0 333.0 0.03 0.01 22 61.5
-95.0   0.02 0.0 24 62.5
-95.0   0.02 0.0 1 62.5
-95.0   0.02 0.0 2 62.5
-95.0   0.02 0.0 3 62.5
-95.0   0.02 0.0 4 62.5
-95.0   0.02 0.0 5 62.5
-95.0   0.02 0.0 6 62.5
-95.0   0.02 0.0 7 62.5
-95.0   0.02 0.0 8 62.5
-95.0   0.02 0.0 9 62.5
-95.0   0.02 0.0 10 62.5
-95.0   0.02 0.0 11 62.5
-95.0 1.0 333.0 0.0 0.0 12 62.5
-95.0 2.0 333.0 0.01 0.0 13 62.5
-95.0 4.0 333.0 0.01 0.01 14 62.5
-95.0 11.0 333.0 0.03 0.02 15 62.5
-95.0 26.0 333.0 0.08 0.02 16 62.5
-95.0 44.0 333.0 0.13 0.03 17 62.5
-95.0 37.0 333.0 0.11 0.03 18 62.5
-95.0 11.0 333.0 0.03 0.02 19 62.5
-95.0 1.0 333.0 0.0 0.01 20 62.5
-95.0 5.0 333.0 0.02 0.01 21 62.5
-95.0 5.0 333.0 0.02 0.0 22 62.5
-95.0   0.02 0.0 24 63.5
-95.0   0.02 0.0 1 63.5
-95.0   0.02 0.0 2 63.5
-95.0   0.02 0.0 3 63.5
-95.0   0.02 0.0 4 63.5
-95.0   0.02 0.0 5 63.5
-95.0   0.02 0.0 6 63.5
-95.0   0.02 0.0 7 63.5
-95.0   0.02 0.0 8 63.5
-95.0   0.02 0.0 9 63.5
-95.0   0.02 0.0 10 63.5
-95.0   0.02 0.0 11 63.5
-95.0   0.02 0.0 12 63.5
-95.0 1.0 333.0 0.0 0.0 13 63.5
-95.0 9.0 333.0 0.03 0.0 14 63.5
-95.0 4.0 333.0 0.01 0.01 15 63.5
-95.0 16.0 333.0 0.05 0.01 16 63.5
-95.0 15.0 333.0 0.05 0.01 17 63.5
-95.0 17.0 333.0 0.05 0.01 18 63.5
-95.0 2.0 333.0 0.01 0.01 19 63.5
-95.0   0.02 0.0 20 63.5
-95.0 2.0 333.0 0.01 0.0 21 63.5
-95.0 1.0 333.0 0.0 0.0 22 63.5
-95.0   0.02 0.0 24 64.5
-95.0   0.02 0.0 1 64.5
-95.0   0.02 0.0 2 64.5
-95.0   0.02 0.0 3 64.5
-95.0   0.02 0.0 4 64.5
-95.0   0.02 0.0 5 64.5
-95.0   0.02 0.0 6 64.5
-95.0   0.02 0.0 7 64.5
-95.0   0.02 0.0 8 64.5
-95.0   0.02 0.0 9 64.5
-95.0   0.02 0.0 10 64.5
-95.0   0.02 0.0 11 64.5
-95.0   0.02 0.0 12 64.5
-95.0   0.02 0.0 13 64.5
-95.0 7.0 333.0 0.02 0.0 14 64.5
-95.0 9.0 333.0 0.03 0.0 15 64.5
-95.0 12.0 333.0 0.04 0.0 16 64.5
-95.0 6.0 333.0 0.02 0.0 17 64.5
-95.0 9.0 333.0 0.03 0.0 18 64.5
-95.0   0.02 0.0 19 64.5
-95.0   0.02 0.0 20 64.5
-95.0   0.02 0.0 21 64.5
-95.0 2.0 333.0 0.01 0.0 22 64.5
-57.0 3.0 610.0 0.0 0.01 24 50.5
-57.0 10.0 610.0 0.02 0.01 1 50.5
-57.0 17.0 610.0 0.03 0.0 2 50.5
-57.0 17.0 610.0 0.03 0.0 3 50.5
-57.0 12.0 610.0 0.02 0.0 4 50.5
-57.0 7.0 610.0 0.01 0.0 5 50.5
-57.0 3.0 610.0 0.0 0.0 6 50.5
-57.0   0.02 0.0 7 50.5
-57.0   0.02 0.0 8 50.5
-57.0   0.02 0.0 9 50.5
-57.0   0.02 0.0 10 50.5
-57.0   0.02 0.0 11 50.5
-57.0   0.02 0.0 12 50.5
-57.0   0.02 0.0 13 50.5
-57.0   0.02 0.0 14 50.5
-57.0   0.02 0.0 15 50.5
-57.0   0.02 0.0 16 50.5
-57.0   0.02 0.0 17 50.5
-57.0   0.02 0.0 18 50.5
-57.0   0.02 0.0 19 50.5
-57.0   0.02 0.0 20 50.5
-57.0   0.02 0.0 21 50.5
-57.0   0.02 0.0 22 50.5
-57.0 12.0 610.0 0.02 0.02 24 51.5
-57.0 15.0 610.0 0.02 0.02 1 51.5
-57.0 28.0 610.0 0.05 0.01 2 51.5
-57.0 24.0 610.0 0.04 0.01 3 51.5
-57.0 13.0 610.0 0.02 0.0 4 51.5
-57.0 10.0 610.0 0.02 0.0 5 51.5
-57.0 4.0 610.0 0.01 0.0 6 51.5
-57.0   0.02 0.0 7 51.5
-57.0   0.02 0.0 8 51.5
-57.0   0.02 0.0 9 51.5
-57.0   0.02 0.0 10 51.5
-57.0   0.02 0.0 11 51.5
-57.0   0.02 0.0 12 51.5
-57.0   0.02 0.0 13 51.5
-57.0   0.02 0.0 14 51.5
-57.0   0.02 0.0 15 51.5
-57.0   0.02 0.0 16 51.5
-57.0   0.02 0.0 17 51.5
-57.0   0.02 0.0 18 51.5
-57.0 3.0 610.0 0.0 0.0 19 51.5
-57.0   0.02 0.0 20 51.5
-57.0 6.0 610.0 0.01 0.01 21 51.5
-57.0 1.0 610.0 0.0 0.01 22 51.5
-57.0 11.0 610.0 0.02 0.05 24 52.5
-57.0 9.0 610.0 0.01 0.04 1 52.5
-57.0 26.0 610.0 0.04 0.03 2 52.5
-57.0 33.0 610.0 0.05 0.01 3 52.5
-57.0 21.0 610.0 0.03 0.0 4 52.5
-57.0 1.0 610.0 0.0 0.0 5 52.5
-57.0   0.02 0.0 6 52.5
-57.0   0.02 0.0 7 52.5
-57.0   0.02 0.0 8 52.5
-57.0   0.02 0.0 9 52.5
-57.0   0.02 0.0 10 52.5
-57.0   0.02 0.0 11 52.5
-57.0   0.02 0.0 12 52.5
-57.0   0.02 0.0 13 52.5
-57.0   0.02 0.0 14 52.5
-57.0   0.02 0.0 15 52.5
-57.0   0.02 0.0 16 52.5
-57.0   0.02 0.0 17 52.5
-57.0 7.0 610.0 0.01 0.0 18 52.5
-57.0 3.0 610.0 0.0 0.01 19 52.5
-57.0 6.0 610.0 0.01 0.01 20 52.5
-57.0 21.0 610.0 0.03 0.03 21 52.5
-57.0 24.0 610.0 0.04 0.04 22 52.5
-57.0 39.0 610.0 0.06 0.12 24 53.5
-57.0 11.0 610.0 0.02 0.09 1 53.5
-57.0 31.0 610.0 0.05 0.05 2 53.5
-57.0 25.0 610.0 0.04 0.02 3 53.5
-57.0 8.0 610.0 0.01 0.01 4 53.5
-57.0 1.0 610.0 0.0 0.0 5 53.5
-57.0   0.02 0.0 6 53.5
-57.0   0.02 0.0 7 53.5
-57.0   0.02 0.0 8 53.5
-57.0   0.02 0.0 9 53.5
-57.0   0.02 0.0 10 53.5
-57.0   0.02 0.0 11 53.5
-57.0   0.02 0.0 12 53.5
-57.0   0.02 0.0 13 53.5
-57.0   0.02 0.0 14 53.5
-57.0   0.02 0.0 15 53.5
-57.0   0.02 0.0 16 53.5
-57.0   0.02 0.0 17 53.5
-57.0 5.0 610.0 0.01 0.01 18 53.5
-57.0 17.0 610.0 0.03 0.02 19 53.5
-57.0 31.0 610.0 0.05 0.04 20 53.5
-57.0 58.0 610.0 0.1 0.08 21 53.5
-57.0 65.0 610.0 0.11 0.12 22 53.5
-57.0 82.0 610.0 0.13 0.22 24 54.5
-57.0 74.0 610.0 0.12 0.14 1 54.5
-57.0 83.0 610.0 0.14 0.07 2 54.5
-57.0 41.0 610.0 0.07 0.03 3 54.5
-57.0 15.0 610.0 0.02 0.01 4 54.5
-57.0 4.0 610.0 0.01 0.0 5 54.5
-57.0   0.02 0.0 6 54.5
-57.0   0.02 0.0 7 54.5
-57.0   0.02 0.0 8 54.5
-57.0   0.02 0.0 9 54.5
-57.0   0.02 0.0 10 54.5
-57.0   0.02 0.0 11 54.5
-57.0   0.02 0.0 12 54.5
-57.0   0.02 0.0 13 54.5
-57.0   0.02 0.0 14 54.5
-57.0   0.02 0.0 15 54.5
-57.0   0.02 0.0 16 54.5
-57.0   0.02 0.01 17 54.5
-57.0 9.0 610.0 0.01 0.02 18 54.5
-57.0 50.0 610.0 0.08 0.06 19 54.5
-57.0 143.0 610.0 0.23 0.12 20 54.5
-57.0 177.0 610.0 0.29 0.2 21 54.5
-57.0 200.0 610.0 0.33 0.26 22 54.5
-57.0 137.0 610.0 0.22 0.33 24 55.5
-57.0 106.0 610.0 0.17 0.19 1 55.5
-57.0 89.0 610.0 0.15 0.09 2 55.5
-57.0 43.0 610.0 0.07 0.03 3 55.5
-57.0 19.0 610.0 0.03 0.01 4 55.5
-57.0 6.0 610.0 0.01 0.0 5 55.5
-57.0   0.02 0.0 6 55.5
-57.0   0.02 0.0 7 55.5
-57.0   0.02 0.0 8 55.5
-57.0   0.02 0.0 9 55.5
-57.0   0.02 0.0 10 55.5
-57.0   0.02 0.0 11 55.5
-57.0   0.02 0.0 12 55.5
-57.0   0.02 0.0 13 55.5
-57.0   0.02 0.0 14 55.5
-57.0   0.02 0.0 15 55.5
-57.0 2.0 610.0 0.0 0.0 16 55.5
-57.0 8.0 610.0 0.01 0.02 17 55.5
-57.0 28.0 610.0 0.05 0.06 18 55.5
-57.0 161.0 610.0 0.26 0.14 19 55.5
-57.0 303.0 610.0 0.5 0.27 20 55.5
-57.0 339.0 610.0 0.56 0.4 21 55.5
-57.0 387.0 610.0 0.63 0.48 22 55.5
-57.0 165.0 610.0 0.27 0.4 24 56.5
-57.0 83.0 610.0 0.14 0.21 1 56.5
-57.0 64.0 610.0 0.1 0.09 2 56.5
-57.0 25.0 610.0 0.04 0.03 3 56.5
-57.0 20.0 610.0 0.03 0.01 4 56.5
-57.0 3.0 610.0 0.0 0.0 5 56.5
-57.0   0.02 0.0 6 56.5
-57.0   0.02 0.0 7 56.5
-57.0   0.02 0.0 8 56.5
-57.0   0.02 0.0 9 56.5
-57.0   0.02 0.0 10 56.5
-57.0   0.02 0.0 11 56.5
-57.0   0.02 0.0 12 56.5
-57.0   0.02 0.0 13 56.5
-57.0   0.02 0.0 14 56.5
-57.0   0.02 0.0 15 56.5
-57.0 3.0 610.0 0.0 0.01 16 56.5
-57.0 34.0 610.0 0.06 0.05 17 56.5
-57.0 99.0 610.0 0.16 0.13 18 56.5
-57.0 272.0 610.0 0.45 0.28 19 56.5
-57.0 447.0 610.0 0.73 0.48 20 56.5
-57.0 534.0 610.0 0.88 0.66 21 56.5
-57.0 438.0 610.0 0.72 0.71 22 56.5
-57.0 159.0 610.0 0.26 0.4 24 57.5
-57.0 75.0 610.0 0.12 0.19 1 57.5
-57.0 51.0 610.0 0.08 0.07 2 57.5
-57.0 26.0 610.0 0.04 0.02 3 57.5
-57.0 25.0 610.0 0.04 0.0 4 57.5
-57.0 3.0 610.0 0.0 0.0 5 57.5
-57.0   0.02 0.0 6 57.5
-57.0   0.02 0.0 7 57.5
-57.0   0.02 0.0 8 57.5
-57.0   0.02 0.0 9 57.5
-57.0   0.02 0.0 10 57.5
-57.0   0.02 0.0 11 57.5
-57.0   0.02 0.0 12 57.5
-57.0   0.02 0.0 13 57.5
-57.0   0.02 0.0 14 57.5
-57.0   0.02 0.01 15 57.5
-57.0 8.0 610.0 0.01 0.03 16 57.5
-57.0 49.0 610.0 0.08 0.09 17 57.5
-57.0 149.0 610.0 0.24 0.23 18 57.5
-57.0 336.0 610.0 0.55 0.46 19 57.5
-57.0 600.0 610.0 0.98 0.72 20 57.5
-57.0 610.0 610.0 1.0 0.89 21 57.5
-57.0 437.0 610.0 0.72 0.86 22 57.5
-57.0 134.0 610.0 0.22 0.33 24 58.5
-57.0 61.0 610.0 0.1 0.14 1 58.5
-57.0 44.0 610.0 0.07 0.05 2 58.5
-57.0 23.0 610.0 0.04 0.01 3 58.5
-57.0 12.0 610.0 0.02 0.0 4 58.5
-57.0   0.02 0.0 5 58.5
-57.0   0.02 0.0 6 58.5
-57.0   0.02 0.0 7 58.5
-57.0   0.02 0.0 8 58.5
-57.0   0.02 0.0 9 58.5
-57.0   0.02 0.0 10 58.5
-57.0   0.02 0.0 11 58.5
-57.0   0.02 0.0 12 58.5
-57.0   0.02 0.0 13 58.5
-57.0   0.02 0.0 14 58.5
-57.0   0.02 0.01 15 58.5
-57.0 15.0 610.0 0.02 0.05 16 58.5
-57.0 81.0 610.0 0.13 0.15 17 58.5
-57.0 183.0 610.0 0.3 0.34 18 58.5
-57.0 396.0 610.0 0.65 0.61 19 58.5
-57.0 599.0 610.0 0.98 0.87 20 58.5
-57.0 499.0 610.0 0.82 0.98 21 58.5
-57.0 348.0 610.0 0.57 0.86 22 58.5
-57.0 71.0 610.0 0.12 0.22 24 59.5
-57.0 41.0 610.0 0.07 0.09 1 59.5
-57.0 36.0 610.0 0.06 0.03 2 59.5
-57.0 6.0 610.0 0.01 0.01 3 59.5
-57.0 13.0 610.0 0.02 0.0 4 59.5
-57.0   0.02 0.0 5 59.5
-57.0   0.02 0.0 6 59.5
-57.0   0.02 0.0 7 59.5
-57.0   0.02 0.0 8 59.5
-57.0   0.02 0.0 9 59.5
-57.0   0.02 0.0 10 59.5
-57.0   0.02 0.0 11 59.5
-57.0   0.02 0.0 12 59.5
-57.0   0.02 0.0 13 59.5
-57.0   0.02 0.01 14 59.5
-57.0 1.0 610.0 0.0 0.02 15 59.5
-57.0 29.0 610.0 0.05 0.08 16 59.5
-57.0 113.0 610.0 0.19 0.2 17 59.5
-57.0 252.0 610.0 0.41 0.41 18 59.5
-57.0 438.0 610.0 0.72 0.67 19 59.5
-57.0 514.0 610.0 0.84 0.87 20 59.5
-57.0 391.0 610.0 0.64 0.88 21 59.5
-57.0 187.0 610.0 0.31 0.7 22 59.5
-57.0 14.0 610.0 0.02 0.12 24 60.5
-57.0 18.0 610.0 0.03 0.04 1 60.5
-57.0 14.0 610.0 0.02 0.01 2 60.5
-57.0 3.0 610.0 0.0 0.0 3 60.5
-57.0 8.0 610.0 0.01 0.0 4 60.5
-57.0   0.02 0.0 5 60.5
-57.0   0.02 0.0 6 60.5
-57.0   0.02 0.0 7 60.5
-57.0   0.02 0.0 8 60.5
-57.0   0.02 0.0 9 60.5
-57.0   0.02 0.0 10 60.5
-57.0   0.02 0.0 11 60.5
-57.0   0.02 0.0 12 60.5
-57.0   0.02 0.0 13 60.5
-57.0   0.02 0.01 14 60.5
-57.0 7.0 610.0 0.01 0.03 15 60.5
-57.0 48.0 610.0 0.08 0.09 16 60.5
-57.0 120.0 610.0 0.2 0.22 17 60.5
-57.0 257.0 610.0 0.42 0.41 18 60.5
-57.0 435.0 610.0 0.71 0.6 19 60.5
-57.0 368.0 610.0 0.6 0.7 20 60.5
-57.0 232.0 610.0 0.38 0.65 21 60.5
-57.0 151.0 610.0 0.25 0.47 22 60.5
-57.0 7.0 610.0 0.01 0.05 24 61.5
-57.0 1.0 610.0 0.0 0.02 1 61.5
-57.0 1.0 610.0 0.0 0.0 2 61.5
-57.0   0.02 0.0 3 61.5
-57.0 2.0 610.0 0.0 0.0 4 61.5
-57.0   0.02 0.0 5 61.5
-57.0   0.02 0.0 6 61.5
-57.0   0.02 0.0 7 61.5
-57.0   0.02 0.0 8 61.5
-57.0   0.02 0.0 9 61.5
-57.0   0.02 0.0 10 61.5
-57.0   0.02 0.0 11 61.5
-57.0   0.02 0.0 12 61.5
-57.0   0.02 0.0 13 61.5
-57.0   0.02 0.01 14 61.5
-57.0 16.0 610.0 0.03 0.03 15 61.5
-57.0 45.0 610.0 0.07 0.09 16 61.5
-57.0 119.0 610.0 0.2 0.19 17 61.5
-57.0 242.0 610.0 0.4 0.33 18 61.5
-57.0 230.0 610.0 0.38 0.44 19 61.5
-57.0 204.0 610.0 0.33 0.47 20 61.5
-57.0 165.0 610.0 0.27 0.39 21 61.5
-57.0 59.0 610.0 0.1 0.25 22 61.5
-57.0 5.0 610.0 0.01 0.02 24 62.5
-57.0   0.02 0.01 1 62.5
-57.0   0.02 0.0 2 62.5
-57.0   0.02 0.0 3 62.5
-57.0   0.02 0.0 4 62.5
-57.0   0.02 0.0 5 62.5
-57.0   0.02 0.0 6 62.5
-57.0   0.02 0.0 7 62.5
-57.0   0.02 0.0 8 62.5
-57.0   0.02 0.0 9 62.5
-57.0   0.02 0.0 10 62.5
-57.0   0.02 0.0 11 62.5
-57.0   0.02 0.0 12 62.5
-57.0   0.02 0.0 13 62.5
-57.0 1.0 610.0 0.0 0.01 14 62.5
-57.0 20.0 610.0 0.03 0.03 15 62.5
-57.0 51.0 610.0 0.08 0.07 16 62.5
-57.0 70.0 610.0 0.11 0.14 17 62.5
-57.0 152.0 610.0 0.25 0.22 18 62.5
-57.0 155.0 610.0 0.25 0.27 19 62.5
-57.0 103.0 610.0 0.17 0.25 20 62.5
-57.0 78.0 610.0 0.13 0.19 21 62.5
-57.0 44.0 610.0 0.07 0.11 22 62.5
-57.0 1.0 610.0 0.0 0.01 24 63.5
-57.0   0.02 0.0 1 63.5
-57.0   0.02 0.0 2 63.5
-57.0   0.02 0.0 3 63.5
-57.0   0.02 0.0 4 63.5
-57.0   0.02 0.0 5 63.5
-57.0   0.02 0.0 6 63.5
-57.0   0.02 0.0 7 63.5
-57.0   0.02 0.0 8 63.5
-57.0   0.02 0.0 9 63.5
-57.0   0.02 0.0 10 63.5
-57.0   0.02 0.0 11 63.5
-57.0   0.02 0.0 12 63.5
-57.0 3.0 610.0 0.0 0.0 13 63.5
-57.0 6.0 610.0 0.01 0.01 14 63.5
-57.0 14.0 610.0 0.02 0.02 15 63.5
-57.0 27.0 610.0 0.04 0.05 16 63.5
-57.0 47.0 610.0 0.08 0.08 17 63.5
-57.0 100.0 610.0 0.16 0.12 18 63.5
-57.0 92.0 610.0 0.15 0.13 19 63.5
-57.0 66.0 610.0 0.11 0.11 20 63.5
-57.0 57.0 610.0 0.09 0.08 21 63.5
-57.0 31.0 610.0 0.05 0.04 22 63.5
-57.0   0.02 0.0 24 64.5
-57.0   0.02 0.0 1 64.5
-57.0   0.02 0.0 2 64.5
-57.0   0.02 0.0 3 64.5
-57.0   0.02 0.0 4 64.5
-57.0   0.02 0.0 5 64.5
-57.0   0.02 0.0 6 64.5
-57.0   0.02 0.0 7 64.5
-57.0   0.02 0.0 8 64.5
-57.0   0.02 0.0 9 64.5
-57.0   0.02 0.0 10 64.5
-57.0   0.02 0.0 11 64.5
-57.0 1.0 610.0 0.0 0.0 12 64.5
-57.0 4.0 610.0 0.01 0.0 13 64.5
-57.0 9.0 610.0 0.01 0.0 14 64.5
-57.0 11.0 610.0 0.02 0.01 15 64.5
-57.0 20.0 610.0 0.03 0.03 16 64.5
-57.0 40.0 610.0 0.07 0.04 17 64.5
-57.0 77.0 610.0 0.13 0.05 18 64.5
-57.0 46.0 610.0 0.08 0.05 19 64.5
-57.0 37.0 610.0 0.06 0.04 20 64.5
-57.0 34.0 610.0 0.06 0.03 21 64.5
-57.0 21.0 610.0 0.03 0.01 22 64.5
-36.0 8.0 1889.0 0.0 0.0 24 50.5
-36.0 32.0 1889.0 0.02 0.0 1 50.5
-36.0 51.0 1889.0 0.03 0.0 2 50.5
-36.0 104.0 1889.0 0.06 0.0 3 50.5
-36.0 63.0 1889.0 0.03 0.0 4 50.5
-36.0 50.0 1889.0 0.03 0.0 5 50.5
-36.0 18.0 1889.0 0.01 0.0 6 50.5
-36.0 16.0 1889.0 0.01 0.0 7 50.5
-36.0   0.02 0.0 8 50.5
-36.0   0.02 0.0 9 50.5
-36.0   0.02 0.0 10 50.5
-36.0   0.02 0.0 11 50.5
-36.0   0.02 0.0 12 50.5
-36.0   0.02 0.0 13 50.5
-36.0   0.02 0.0 14 50.5
-36.0   0.02 0.0 15 50.5
-36.0   0.02 0.0 16 50.5
-36.0   0.02 0.0 17 50.5
-36.0   0.02 0.0 18 50.5
-36.0   0.02 0.0 19 50.5
-36.0   0.02 0.0 20 50.5
-36.0 2.0 1889.0 0.0 0.0 21 50.5
-36.0   0.02 0.0 22 50.5
-36.0 24.0 1889.0 0.01 0.0 24 51.5
-36.0 49.0 1889.0 0.03 0.0 1 51.5
-36.0 76.0 1889.0 0.04 0.0 2 51.5
-36.0 105.0 1889.0 0.06 0.0 3 51.5
-36.0 49.0 1889.0 0.03 0.0 4 51.5
-36.0 43.0 1889.0 0.02 0.0 5 51.5
-36.0 8.0 1889.0 0.0 0.0 6 51.5
-36.0 2.0 1889.0 0.0 0.0 7 51.5
-36.0   0.02 0.0 8 51.5
-36.0   0.02 0.0 9 51.5
-36.0   0.02 0.0 10 51.5
-36.0   0.02 0.0 11 51.5
-36.0   0.02 0.0 12 51.5
-36.0   0.02 0.0 13 51.5
-36.0   0.02 0.0 14 51.5
-36.0   0.02 0.0 15 51.5
-36.0   0.02 0.0 16 51.5
-36.0   0.02 0.0 17 51.5
-36.0   0.02 0.0 18 51.5
-36.0 1.0 1889.0 0.0 0.0 19 51.5
-36.0 8.0 1889.0 0.0 0.0 20 51.5
-36.0 5.0 1889.0 0.0 0.0 21 51.5
-36.0 3.0 1889.0 0.0 0.0 22 51.5
-36.0 23.0 1889.0 0.01 0.01 24 52.5
-36.0 42.0 1889.0 0.02 0.02 1 52.5
-36.0 34.0 1889.0 0.02 0.01 2 52.5
-36.0 56.0 1889.0 0.03 0.01 3 52.5
-36.0 12.0 1889.0 0.01 0.0 4 52.5
-36.0 9.0 1889.0 0.0 0.0 5 52.5
-36.0   0.02 0.0 6 52.5
-36.0   0.02 0.0 7 52.5
-36.0   0.02 0.0 8 52.5
-36.0   0.02 0.0 9 52.5
-36.0   0.02 0.0 10 52.5
-36.0   0.02 0.0 11 52.5
-36.0   0.02 0.0 12 52.5
-36.0   0.02 0.0 13 52.5
-36.0   0.02 0.0 14 52.5
-36.0   0.02 0.0 15 52.5
-36.0   0.02 0.0 16 52.5
-36.0   0.02 0.0 17 52.5
-36.0   0.02 0.0 18 52.5
-36.0 3.0 1889.0 0.0 0.0 19 52.5
-36.0 12.0 1889.0 0.01 0.0 20 52.5
-36.0 15.0 1889.0 0.01 0.0 21 52.5
-36.0 24.0 1889.0 0.01 0.01 22 52.5
-36.0 50.0 1889.0 0.03 0.04 24 53.5
-36.0 44.0 1889.0 0.02 0.04 1 53.5
-36.0 46.0 1889.0 0.02 0.03 2 53.5
-36.0 61.0 1889.0 0.03 0.02 3 53.5
-36.0 24.0 1889.0 0.01 0.01 4 53.5
-36.0 6.0 1889.0 0.0 0.0 5 53.5
-36.0   0.02 0.0 6 53.5
-36.0   0.02 0.0 7 53.5
-36.0   0.02 0.0 8 53.5
-36.0   0.02 0.0 9 53.5
-36.0   0.02 0.0 10 53.5
-36.0   0.02 0.0 11 53.5
-36.0   0.02 0.0 12 53.5
-36.0   0.02 0.0 13 53.5
-36.0   0.02 0.0 14 53.5
-36.0   0.02 0.0 15 53.5
-36.0   0.02 0.0 16 53.5
-36.0   0.02 0.0 17 53.5
-36.0   0.02 0.0 18 53.5
-36.0 10.0 1889.0 0.01 0.0 19 53.5
-36.0 21.0 1889.0 0.01 0.0 20 53.5
-36.0 46.0 1889.0 0.02 0.01 21 53.5
-36.0 64.0 1889.0 0.03 0.02 22 53.5
-36.0 115.0 1889.0 0.06 0.11 24 54.5
-36.0 149.0 1889.0 0.08 0.1 1 54.5
-36.0 200.0 1889.0 0.11 0.07 2 54.5
-36.0 131.0 1889.0 0.07 0.04 3 54.5
-36.0 39.0 1889.0 0.02 0.02 4 54.5
-36.0 12.0 1889.0 0.01 0.01 5 54.5
-36.0   0.02 0.0 6 54.5
-36.0   0.02 0.0 7 54.5
-36.0   0.02 0.0 8 54.5
-36.0   0.02 0.0 9 54.5
-36.0   0.02 0.0 10 54.5
-36.0   0.02 0.0 11 54.5
-36.0   0.02 0.0 12 54.5
-36.0   0.02 0.0 13 54.5
-36.0   0.02 0.0 14 54.5
-36.0   0.02 0.0 15 54.5
-36.0   0.02 0.0 16 54.5
-36.0 1.0 1889.0 0.0 0.0 17 54.5
-36.0 14.0 1889.0 0.01 0.0 18 54.5
-36.0 40.0 1889.0 0.02 0.01 19 54.5
-36.0 70.0 1889.0 0.04 0.02 20 54.5
-36.0 144.0 1889.0 0.08 0.04 21 54.5
-36.0 191.0 1889.0 0.1 0.07 22 54.5
-36.0 333.0 1889.0 0.18 0.22 24 55.5
-36.0 413.0 1889.0 0.22 0.18 1 55.5
-36.0 416.0 1889.0 0.22 0.11 2 55.5
-36.0 224.0 1889.0 0.12 0.05 3 55.5
-36.0 53.0 1889.0 0.03 0.02 4 55.5
-36.0 25.0 1889.0 0.01 0.01 5 55.5
-36.0   0.02 0.0 6 55.5
-36.0   0.02 0.0 7 55.5
-36.0   0.02 0.0 8 55.5
-36.0   0.02 0.0 9 55.5
-36.0   0.02 0.0 10 55.5
-36.0   0.02 0.0 11 55.5
-36.0   0.02 0.0 12 55.5
-36.0   0.02 0.0 13 55.5
-36.0   0.02 0.0 14 55.5
-36.0   0.02 0.0 15 55.5
-36.0   0.02 0.0 16 55.5
-36.0 7.0 1889.0 0.0 0.0 17 55.5
-36.0 48.0 1889.0 0.03 0.01 18 55.5
-36.0 128.0 1889.0 0.07 0.02 19 55.5
-36.0 200.0 1889.0 0.11 0.05 20 55.5
-36.0 372.0 1889.0 0.2 0.1 21 55.5
-36.0 401.0 1889.0 0.21 0.17 22 55.5
-36.0 625.0 1889.0 0.33 0.37 24 56.5
-36.0 627.0 1889.0 0.33 0.26 1 56.5
-36.0 502.0 1889.0 0.27 0.15 2 56.5
-36.0 211.0 1889.0 0.11 0.07 3 56.5
-36.0 48.0 1889.0 0.03 0.02 4 56.5
-36.0 10.0 1889.0 0.01 0.01 5 56.5
-36.0 1.0 1889.0 0.0 0.0 6 56.5
-36.0   0.02 0.0 7 56.5
-36.0   0.02 0.0 8 56.5
-36.0   0.02 0.0 9 56.5
-36.0   0.02 0.0 10 56.5
-36.0   0.02 0.0 11 56.5
-36.0   0.02 0.0 12 56.5
-36.0   0.02 0.0 13 56.5
-36.0   0.02 0.0 14 56.5
-36.0   0.02 0.0 15 56.5
-36.0 1.0 1889.0 0.0 0.0 16 56.5
-36.0 8.0 1889.0 0.0 0.0 17 56.5
-36.0 85.0 1889.0 0.04 0.02 18 56.5
-36.0 252.0 1889.0 0.13 0.05 19 56.5
-36.0 455.0 1889.0 0.24 0.13 20 56.5
-36.0 766.0 1889.0 0.41 0.24 21 56.5
-36.0 894.0 1889.0 0.47 0.35 22 56.5
-36.0 867.0 1889.0 0.46 0.51 24 57.5
-36.0 697.0 1889.0 0.37 0.33 1 57.5
-36.0 462.0 1889.0 0.24 0.17 2 57.5
-36.0 196.0 1889.0 0.1 0.07 3 57.5
-36.0 45.0 1889.0 0.02 0.02 4 57.5
-36.0 7.0 1889.0 0.0 0.01 5 57.5
-36.0 3.0 1889.0 0.0 0.0 6 57.5
-36.0   0.02 0.0 7 57.5
-36.0   0.02 0.0 8 57.5
-36.0   0.02 0.0 9 57.5
-36.0   0.02 0.0 10 57.5
-36.0   0.02 0.0 11 57.5
-36.0   0.02 0.0 12 57.5
-36.0   0.02 0.0 13 57.5
-36.0   0.02 0.0 14 57.5
-36.0   0.02 0.0 15 57.5
-36.0 2.0 1889.0 0.0 0.0 16 57.5
-36.0 26.0 1889.0 0.01 0.01 17 57.5
-36.0 138.0 1889.0 0.07 0.05 18 57.5
-36.0 414.0 1889.0 0.22 0.13 19 57.5
-36.0 874.0 1889.0 0.46 0.27 20 57.5
-36.0 1254.0 1889.0 0.66 0.45 21 57.5
-36.0 1433.0 1889.0 0.76 0.59 22 57.5
-36.0 861.0 1889.0 0.46 0.57 24 58.5
-36.0 611.0 1889.0 0.32 0.33 1 58.5
-36.0 365.0 1889.0 0.19 0.15 2 58.5
-36.0 150.0 1889.0 0.08 0.05 3 58.5
-36.0 48.0 1889.0 0.03 0.02 4 58.5
-36.0 7.0 1889.0 0.0 0.0 5 58.5
-36.0 1.0 1889.0 0.0 0.0 6 58.5
-36.0   0.02 0.0 7 58.5
-36.0   0.02 0.0 8 58.5
-36.0   0.02 0.0 9 58.5
-36.0   0.02 0.0 10 58.5
-36.0   0.02 0.0 11 58.5
-36.0   0.02 0.0 12 58.5
-36.0   0.02 0.0 13 58.5
-36.0   0.02 0.0 14 58.5
-36.0   0.02 0.0 15 58.5
-36.0 4.0 1889.0 0.0 0.01 16 58.5
-36.0 61.0 1889.0 0.03 0.03 17 58.5
-36.0 217.0 1889.0 0.11 0.1 18 58.5
-36.0 662.0 1889.0 0.35 0.24 19 58.5
-36.0 1197.0 1889.0 0.63 0.46 20 58.5
-36.0 1714.0 1889.0 0.91 0.69 21 58.5
-36.0 1757.0 1889.0 0.93 0.82 22 58.5
-36.0 832.0 1889.0 0.44 0.52 24 59.5
-36.0 588.0 1889.0 0.31 0.27 1 59.5
-36.0 267.0 1889.0 0.14 0.11 2 59.5
-36.0 110.0 1889.0 0.06 0.04 3 59.5
-36.0 22.0 1889.0 0.01 0.01 4 59.5
-36.0 5.0 1889.0 0.0 0.0 5 59.5
-36.0 1.0 1889.0 0.0 0.0 6 59.5
-36.0   0.02 0.0 7 59.5
-36.0   0.02 0.0 8 59.5
-36.0   0.02 0.0 9 59.5
-36.0   0.02 0.0 10 59.5
-36.0   0.02 0.0 11 59.5
-36.0   0.02 0.0 12 59.5
-36.0   0.02 0.0 13 59.5
-36.0   0.02 0.0 14 59.5
-36.0 1.0 1889.0 0.0 0.0 15 59.5
-36.0 17.0 1889.0 0.01 0.02 16 59.5
-36.0 127.0 1889.0 0.07 0.06 17 59.5
-36.0 383.0 1889.0 0.2 0.17 18 59.5
-36.0 980.0 1889.0 0.52 0.37 19 59.5
-36.0 1400.0 1889.0 0.74 0.64 20 59.5
-36.0 1883.0 1889.0 1.0 0.87 21 59.5
-36.0 1889.0 1889.0 1.0 0.93 22 59.5
-36.0 673.0 1889.0 0.36 0.39 24 60.5
-36.0 328.0 1889.0 0.17 0.19 1 60.5
-36.0 182.0 1889.0 0.1 0.07 2 60.5
-36.0 72.0 1889.0 0.04 0.02 3 60.5
-36.0 3.0 1889.0 0.0 0.0 4 60.5
-36.0   0.02 0.0 5 60.5
-36.0   0.02 0.0 6 60.5
-36.0   0.02 0.0 7 60.5
-36.0   0.02 0.0 8 60.5
-36.0   0.02 0.0 9 60.5
-36.0   0.02 0.0 10 60.5
-36.0   0.02 0.0 11 60.5
-36.0   0.02 0.0 12 60.5
-36.0   0.02 0.0 13 60.5
-36.0   0.02 0.0 14 60.5
-36.0 5.0 1889.0 0.0 0.01 15 60.5
-36.0 37.0 1889.0 0.02 0.03 16 60.5
-36.0 169.0 1889.0 0.09 0.09 17 60.5
-36.0 570.0 1889.0 0.3 0.24 18 60.5
-36.0 1064.0 1889.0 0.56 0.47 19 60.5
-36.0 1468.0 1889.0 0.78 0.73 20 60.5
-36.0 1881.0 1889.0 1.0 0.9 21 60.5
-36.0 1875.0 1889.0 0.99 0.87 22 60.5
-36.0 289.0 1889.0 0.15 0.24 24 61.5
-36.0 91.0 1889.0 0.05 0.1 1 61.5
-36.0 78.0 1889.0 0.04 0.03 2 61.5
-36.0 31.0 1889.0 0.02 0.01 3 61.5
-36.0 5.0 1889.0 0.0 0.0 4 61.5
-36.0   0.02 0.0 5 61.5
-36.0   0.02 0.0 6 61.5
-36.0   0.02 0.0 7 61.5
-36.0   0.02 0.0 8 61.5
-36.0   0.02 0.0 9 61.5
-36.0   0.02 0.0 10 61.5
-36.0   0.02 0.0 11 61.5
-36.0   0.02 0.0 12 61.5
-36.0   0.02 0.0 13 61.5
-36.0   0.02 0.0 14 61.5
-36.0 6.0 1889.0 0.0 0.01 15 61.5
-36.0 49.0 1889.0 0.03 0.04 16 61.5
-36.0 188.0 1889.0 0.1 0.12 17 61.5
-36.0 632.0 1889.0 0.33 0.27 18 61.5
-36.0 987.0 1889.0 0.52 0.49 19 61.5
-36.0 1218.0 1889.0 0.64 0.69 20 61.5
-36.0 1431.0 1889.0 0.76 0.76 21 61.5
-36.0 1271.0 1889.0 0.67 0.66 22 61.5
-36.0 93.0 1889.0 0.05 0.12 24 62.5
-36.0 48.0 1889.0 0.03 0.05 1 62.5
-36.0 37.0 1889.0 0.02 0.01 2 62.5
-36.0 11.0 1889.0 0.01 0.0 3 62.5
-36.0 4.0 1889.0 0.0 0.0 4 62.5
-36.0   0.02 0.0 5 62.5
-36.0   0.02 0.0 6 62.5
-36.0   0.02 0.0 7 62.5
-36.0   0.02 0.0 8 62.5
-36.0   0.02 0.0 9 62.5
-36.0   0.02 0.0 10 62.5
-36.0   0.02 0.0 11 62.5
-36.0   0.02 0.0 12 62.5
-36.0   0.02 0.0 13 62.5
-36.0 1.0 1889.0 0.0 0.0 14 62.5
-36.0 6.0 1889.0 0.0 0.01 15 62.5
-36.0 56.0 1889.0 0.03 0.05 16 62.5
-36.0 224.0 1889.0 0.12 0.13 17 62.5
-36.0 643.0 1889.0 0.34 0.26 18 62.5
-36.0 827.0 1889.0 0.44 0.42 19 62.5
-36.0 962.0 1889.0 0.51 0.53 20 62.5
-36.0 963.0 1889.0 0.51 0.52 21 62.5
-36.0 812.0 1889.0 0.43 0.41 22 62.5
-36.0 24.0 1889.0 0.01 0.05 24 63.5
-36.0 6.0 1889.0 0.0 0.02 1 63.5
-36.0 10.0 1889.0 0.01 0.0 2 63.5
-36.0 4.0 1889.0 0.0 0.0 3 63.5
-36.0 3.0 1889.0 0.0 0.0 4 63.5
-36.0   0.02 0.0 5 63.5
-36.0   0.02 0.0 6 63.5
-36.0   0.02 0.0 7 63.5
-36.0   0.02 0.0 8 63.5
-36.0   0.02 0.0 9 63.5
-36.0   0.02 0.0 10 63.5
-36.0   0.02 0.0 11 63.5
-36.0   0.02 0.0 12 63.5
-36.0   0.02 0.0 13 63.5
-36.0 2.0 1889.0 0.0 0.0 14 63.5
-36.0 7.0 1889.0 0.0 0.02 15 63.5
-36.0 60.0 1889.0 0.03 0.05 16 63.5
-36.0 193.0 1889.0 0.1 0.11 17 63.5
-36.0 517.0 1889.0 0.27 0.2 18 63.5
-36.0 600.0 1889.0 0.32 0.29 19 63.5
-36.0 607.0 1889.0 0.32 0.33 20 63.5
-36.0 598.0 1889.0 0.32 0.3 21 63.5
-36.0 379.0 1889.0 0.2 0.21 22 63.5
-36.0 3.0 1889.0 0.0 0.02 24 64.5
-36.0   0.02 0.01 1 64.5
-36.0   0.02 0.0 2 64.5
-36.0   0.02 0.0 3 64.5
-36.0 2.0 1889.0 0.0 0.0 4 64.5
-36.0   0.02 0.0 5 64.5
-36.0   0.02 0.0 6 64.5
-36.0   0.02 0.0 7 64.5
-36.0   0.02 0.0 8 64.5
-36.0   0.02 0.0 9 64.5
-36.0   0.02 0.0 10 64.5
-36.0   0.02 0.0 11 64.5
-36.0   0.02 0.0 12 64.5
-36.0   0.02 0.0 13 64.5
-36.0 1.0 1889.0 0.0 0.0 14 64.5
-36.0 19.0 1889.0 0.01 0.01 15 64.5
-36.0 61.0 1889.0 0.03 0.04 16 64.5
-36.0 194.0 1889.0 0.1 0.08 17 64.5
-36.0 330.0 1889.0 0.17 0.13 18 64.5
-36.0 316.0 1889.0 0.17 0.17 19 64.5
-36.0 320.0 1889.0 0.17 0.17 20 64.5
-36.0 302.0 1889.0 0.16 0.14 21 64.5
-36.0 121.0 1889.0 0.06 0.09 22 64.5
-18.0 14.0 2156.0 0.01 0.0 24 50.5
-18.0 42.0 2156.0 0.02 0.0 1 50.5
-18.0 77.0 2156.0 0.04 0.0 2 50.5
-18.0 101.0 2156.0 0.05 0.0 3 50.5
-18.0 43.0 2156.0 0.02 0.0 4 50.5
-18.0 67.0 2156.0 0.03 0.0 5 50.5
-18.0 18.0 2156.0 0.01 0.0 6 50.5
-18.0 8.0 2156.0 0.0 0.0 7 50.5
-18.0   0.02 0.0 8 50.5
-18.0   0.02 0.0 9 50.5
-18.0   0.02 0.0 10 50.5
-18.0   0.02 0.0 11 50.5
-18.0   0.02 0.0 12 50.5
-18.0   0.02 0.0 13 50.5
-18.0   0.02 0.0 14 50.5
-18.0   0.02 0.0 15 50.5
-18.0   0.02 0.0 16 50.5
-18.0   0.02 0.0 17 50.5
-18.0   0.02 0.0 18 50.5
-18.0 1.0 2156.0 0.0 0.0 19 50.5
-18.0   0.02 0.0 20 50.5
-18.0 6.0 2156.0 0.0 0.0 21 50.5
-18.0 8.0 2156.0 0.0 0.0 22 50.5
-18.0 9.0 2156.0 0.0 0.0 24 51.5
-18.0 50.0 2156.0 0.02 0.0 1 51.5
-18.0 77.0 2156.0 0.04 0.0 2 51.5
-18.0 165.0 2156.0 0.08 0.0 3 51.5
-18.0 65.0 2156.0 0.03 0.0 4 51.5
-18.0 49.0 2156.0 0.02 0.0 5 51.5
-18.0 9.0 2156.0 0.0 0.0 6 51.5
-18.0 1.0 2156.0 0.0 0.0 7 51.5
-18.0   0.02 0.0 8 51.5
-18.0   0.02 0.0 9 51.5
-18.0   0.02 0.0 10 51.5
-18.0   0.02 0.0 11 51.5
-18.0   0.02 0.0 12 51.5
-18.0   0.02 0.0 13 51.5
-18.0   0.02 0.0 14 51.5
-18.0   0.02 0.0 15 51.5
-18.0   0.02 0.0 16 51.5
-18.0   0.02 0.0 17 51.5
-18.0   0.02 0.0 18 51.5
-18.0   0.02 0.0 19 51.5
-18.0   0.02 0.0 20 51.5
-18.0 7.0 2156.0 0.0 0.0 21 51.5
-18.0 8.0 2156.0 0.0 0.0 22 51.5
-18.0 12.0 2156.0 0.01 0.0 24 52.5
-18.0 35.0 2156.0 0.02 0.0 1 52.5
-18.0 42.0 2156.0 0.02 0.0 2 52.5
-18.0 98.0 2156.0 0.05 0.0 3 52.5
-18.0 41.0 2156.0 0.02 0.0 4 52.5
-18.0 10.0 2156.0 0.0 0.0 5 52.5
-18.0 1.0 2156.0 0.0 0.0 6 52.5
-18.0 2.0 2156.0 0.0 0.0 7 52.5
-18.0 1.0 2156.0 0.0 0.0 8 52.5
-18.0   0.02 0.0 9 52.5
-18.0   0.02 0.0 10 52.5
-18.0   0.02 0.0 11 52.5
-18.0   0.02 0.0 12 52.5
-18.0   0.02 0.0 13 52.5
-18.0   0.02 0.0 14 52.5
-18.0   0.02 0.0 15 52.5
-18.0   0.02 0.0 16 52.5
-18.0   0.02 0.0 17 52.5
-18.0   0.02 0.0 18 52.5
-18.0 4.0 2156.0 0.0 0.0 19 52.5
-18.0   0.02 0.0 20 52.5
-18.0 12.0 2156.0 0.01 0.0 21 52.5
-18.0 8.0 2156.0 0.0 0.0 22 52.5
-18.0 10.0 2156.0 0.0 0.01 24 53.5
-18.0 31.0 2156.0 0.01 0.01 1 53.5
-18.0 45.0 2156.0 0.02 0.01 2 53.5
-18.0 34.0 2156.0 0.02 0.01 3 53.5
-18.0 15.0 2156.0 0.01 0.01 4 53.5
-18.0 6.0 2156.0 0.0 0.0 5 53.5
-18.0   0.02 0.0 6 53.5
-18.0   0.02 0.0 7 53.5
-18.0   0.02 0.0 8 53.5
-18.0   0.02 0.0 9 53.5
-18.0   0.02 0.0 10 53.5
-18.0   0.02 0.0 11 53.5
-18.0   0.02 0.0 12 53.5
-18.0   0.02 0.0 13 53.5
-18.0   0.02 0.0 14 53.5
-18.0   0.02 0.0 15 53.5
-18.0   0.02 0.0 16 53.5
-18.0 2.0 2156.0 0.0 0.0 17 53.5
-18.0 2.0 2156.0 0.0 0.0 18 53.5
-18.0 5.0 2156.0 0.0 0.0 19 53.5
-18.0 7.0 2156.0 0.0 0.0 20 53.5
-18.0 12.0 2156.0 0.01 0.0 21 53.5
-18.0 8.0 2156.0 0.0 0.0 22 53.5
-18.0 26.0 2156.0 0.01 0.04 24 54.5
-18.0 79.0 2156.0 0.04 0.04 1 54.5
-18.0 93.0 2156.0 0.04 0.04 2 54.5
-18.0 54.0 2156.0 0.03 0.03 3 54.5
-18.0 38.0 2156.0 0.02 0.02 4 54.5
-18.0 13.0 2156.0 0.01 0.01 5 54.5
-18.0   0.02 0.0 6 54.5
-18.0 1.0 2156.0 0.0 0.0 7 54.5
-18.0   0.02 0.0 8 54.5
-18.0 1.0 2156.0 0.0 0.0 9 54.5
-18.0   0.02 0.0 10 54.5
-18.0   0.02 0.0 11 54.5
-18.0   0.02 0.0 12 54.5
-18.0   0.02 0.0 13 54.5
-18.0   0.02 0.0 14 54.5
-18.0   0.02 0.0 15 54.5
-18.0   0.02 0.0 16 54.5
-18.0 11.0 2156.0 0.01 0.0 17 54.5
-18.0 7.0 2156.0 0.0 0.0 18 54.5
-18.0 8.0 2156.0 0.0 0.0 19 54.5
-18.0 17.0 2156.0 0.01 0.0 20 54.5
-18.0 17.0 2156.0 0.01 0.01 21 54.5
-18.0 18.0 2156.0 0.01 0.01 22 54.5
-18.0 106.0 2156.0 0.05 0.09 24 55.5
-18.0 144.0 2156.0 0.07 0.1 1 55.5
-18.0 168.0 2156.0 0.08 0.08 2 55.5
-18.0 127.0 2156.0 0.06 0.05 3 55.5
-18.0 40.0 2156.0 0.02 0.03 4 55.5
-18.0 18.0 2156.0 0.01 0.01 5 55.5
-18.0 2.0 2156.0 0.0 0.0 6 55.5
-18.0   0.02 0.0 7 55.5
-18.0   0.02 0.0 8 55.5
-18.0   0.02 0.0 9 55.5
-18.0   0.02 0.0 10 55.5
-18.0   0.02 0.0 11 55.5
-18.0   0.02 0.0 12 55.5
-18.0   0.02 0.0 13 55.5
-18.0   0.02 0.0 14 55.5
-18.0   0.02 0.0 15 55.5
-18.0 2.0 2156.0 0.0 0.0 16 55.5
-18.0 12.0 2156.0 0.01 0.0 17 55.5
-18.0 11.0 2156.0 0.01 0.0 18 55.5
-18.0 13.0 2156.0 0.01 0.0 19 55.5
-18.0 31.0 2156.0 0.01 0.01 20 55.5
-18.0 35.0 2156.0 0.02 0.02 21 55.5
-18.0 41.0 2156.0 0.02 0.04 22 55.5
-18.0 257.0 2156.0 0.12 0.21 24 56.5
-18.0 267.0 2156.0 0.12 0.2 1 56.5
-18.0 279.0 2156.0 0.13 0.15 2 56.5
-18.0 163.0 2156.0 0.08 0.09 3 56.5
-18.0 44.0 2156.0 0.02 0.04 4 56.5
-18.0 17.0 2156.0 0.01 0.01 5 56.5
-18.0 5.0 2156.0 0.0 0.0 6 56.5
-18.0   0.02 0.0 7 56.5
-18.0 2.0 2156.0 0.0 0.0 8 56.5
-18.0 1.0 2156.0 0.0 0.0 9 56.5
-18.0   0.02 0.0 10 56.5
-18.0   0.02 0.0 11 56.5
-18.0   0.02 0.0 12 56.5
-18.0   0.02 0.0 13 56.5
-18.0 2.0 2156.0 0.0 0.0 14 56.5
-18.0   0.02 0.0 15 56.5
-18.0 4.0 2156.0 0.0 0.0 16 56.5
-18.0 20.0 2156.0 0.01 0.0 17 56.5
-18.0 21.0 2156.0 0.01 0.0 18 56.5
-18.0 31.0 2156.0 0.01 0.01 19 56.5
-18.0 55.0 2156.0 0.03 0.02 20 56.5
-18.0 109.0 2156.0 0.05 0.06 21 56.5
-18.0 160.0 2156.0 0.07 0.11 22 56.5
-18.0 494.0 2156.0 0.23 0.38 24 57.5
-18.0 528.0 2156.0 0.24 0.32 1 57.5
-18.0 441.0 2156.0 0.2 0.21 2 57.5
-18.0 267.0 2156.0 0.12 0.11 3 57.5
-18.0 105.0 2156.0 0.05 0.05 4 57.5
-18.0 14.0 2156.0 0.01 0.01 5 57.5
-18.0 4.0 2156.0 0.0 0.0 6 57.5
-18.0   0.02 0.0 7 57.5
-18.0   0.02 0.0 8 57.5
-18.0   0.02 0.0 9 57.5
-18.0   0.02 0.0 10 57.5
-18.0   0.02 0.0 11 57.5
-18.0   0.02 0.0 12 57.5
-18.0   0.02 0.0 13 57.5
-18.0   0.02 0.0 14 57.5
-18.0   0.02 0.0 15 57.5
-18.0 4.0 2156.0 0.0 0.0 16 57.5
-18.0 27.0 2156.0 0.01 0.0 17 57.5
-18.0 36.0 2156.0 0.02 0.01 18 57.5
-18.0 60.0 2156.0 0.03 0.02 19 57.5
-18.0 110.0 2156.0 0.05 0.07 20 57.5
-18.0 238.0 2156.0 0.11 0.15 21 57.5
-18.0 331.0 2156.0 0.15 0.26 22 57.5
-18.0 831.0 2156.0 0.39 0.56 24 58.5
-18.0 858.0 2156.0 0.4 0.42 1 58.5
-18.0 706.0 2156.0 0.33 0.25 2 58.5
-18.0 359.0 2156.0 0.17 0.12 3 58.5
-18.0 97.0 2156.0 0.04 0.04 4 58.5
-18.0 19.0 2156.0 0.01 0.01 5 58.5
-18.0 6.0 2156.0 0.0 0.0 6 58.5
-18.0   0.02 0.0 7 58.5
-18.0   0.02 0.0 8 58.5
-18.0   0.02 0.0 9 58.5
-18.0   0.02 0.0 10 58.5
-18.0   0.02 0.0 11 58.5
-18.0   0.02 0.0 12 58.5
-18.0   0.02 0.0 13 58.5
-18.0   0.02 0.0 14 58.5
-18.0   0.02 0.0 15 58.5
-18.0 3.0 2156.0 0.0 0.0 16 58.5
-18.0 16.0 2156.0 0.01 0.0 17 58.5
-18.0 46.0 2156.0 0.02 0.02 18 58.5
-18.0 108.0 2156.0 0.05 0.06 19 58.5
-18.0 172.0 2156.0 0.08 0.15 20 58.5
-18.0 477.0 2156.0 0.22 0.3 21 58.5
-18.0 736.0 2156.0 0.34 0.47 22 58.5
-18.0 1154.0 2156.0 0.54 0.68 24 59.5
-18.0 1062.0 2156.0 0.49 0.46 1 59.5
-18.0 758.0 2156.0 0.35 0.25 2 59.5
-18.0 314.0 2156.0 0.15 0.1 3 59.5
-18.0 65.0 2156.0 0.03 0.03 4 59.5
-18.0 21.0 2156.0 0.01 0.01 5 59.5
-18.0 8.0 2156.0 0.0 0.0 6 59.5
-18.0   0.02 0.0 7 59.5
-18.0   0.02 0.0 8 59.5
-18.0   0.02 0.0 9 59.5
-18.0   0.02 0.0 10 59.5
-18.0   0.02 0.0 11 59.5
-18.0   0.02 0.0 12 59.5
-18.0   0.02 0.0 13 59.5
-18.0   0.02 0.0 14 59.5
-18.0   0.02 0.0 15 59.5
-18.0 2.0 2156.0 0.0 0.0 16 59.5
-18.0 6.0 2156.0 0.0 0.01 17 59.5
-18.0 51.0 2156.0 0.02 0.04 18 59.5
-18.0 156.0 2156.0 0.07 0.13 19 59.5
-18.0 326.0 2156.0 0.15 0.29 20 59.5
-18.0 852.0 2156.0 0.4 0.51 21 59.5
-18.0 1242.0 2156.0 0.58 0.71 22 59.5
-18.0 1319.0 2156.0 0.61 0.68 24 60.5
-18.0 1039.0 2156.0 0.48 0.41 1 60.5
-18.0 678.0 2156.0 0.31 0.2 2 60.5
-18.0 264.0 2156.0 0.12 0.07 3 60.5
-18.0 39.0 2156.0 0.02 0.02 4 60.5
-18.0 12.0 2156.0 0.01 0.01 5 60.5
-18.0 8.0 2156.0 0.0 0.0 6 60.5
-18.0   0.02 0.0 7 60.5
-18.0   0.02 0.0 8 60.5
-18.0   0.02 0.0 9 60.5
-18.0   0.02 0.0 10 60.5
-18.0   0.02 0.0 11 60.5
-18.0   0.02 0.0 12 60.5
-18.0   0.02 0.0 13 60.5
-18.0   0.02 0.0 14 60.5
-18.0   0.02 0.0 15 60.5
-18.0 3.0 2156.0 0.0 0.01 16 60.5
-18.0 23.0 2156.0 0.01 0.03 17 60.5
-18.0 110.0 2156.0 0.05 0.08 18 60.5
-18.0 249.0 2156.0 0.12 0.22 19 60.5
-18.0 584.0 2156.0 0.27 0.44 20 60.5
-18.0 1250.0 2156.0 0.58 0.71 21 60.5
-18.0 1873.0 2156.0 0.87 0.88 22 60.5
-18.0 1072.0 2156.0 0.5 0.55 24 61.5
-18.0 733.0 2156.0 0.34 0.3 1 61.5
-18.0 478.0 2156.0 0.22 0.13 2 61.5
-18.0 163.0 2156.0 0.08 0.04 3 61.5
-18.0 50.0 2156.0 0.02 0.01 4 61.5
-18.0 15.0 2156.0 0.01 0.0 5 61.5
-18.0 6.0 2156.0 0.0 0.0 6 61.5
-18.0   0.02 0.0 7 61.5
-18.0   0.02 0.0 8 61.5
-18.0   0.02 0.0 9 61.5
-18.0   0.02 0.0 10 61.5
-18.0   0.02 0.0 11 61.5
-18.0   0.02 0.0 12 61.5
-18.0   0.02 0.0 13 61.5
-18.0   0.02 0.0 14 61.5
-18.0   0.02 0.0 15 61.5
-18.0 6.0 2156.0 0.0 0.01 16 61.5
-18.0 31.0 2156.0 0.01 0.05 17 61.5
-18.0 177.0 2156.0 0.08 0.13 18 61.5
-18.0 388.0 2156.0 0.18 0.31 19 61.5
-18.0 737.0 2156.0 0.34 0.56 20 61.5
-18.0 1467.0 2156.0 0.68 0.8 21 61.5
-18.0 2156.0 2156.0 1.0 0.9 22 61.5
-18.0 673.0 2156.0 0.31 0.37 24 62.5
-18.0 336.0 2156.0 0.16 0.18 1 62.5
-18.0 217.0 2156.0 0.1 0.07 2 62.5
-18.0 90.0 2156.0 0.04 0.02 3 62.5
-18.0 37.0 2156.0 0.02 0.0 4 62.5
-18.0 6.0 2156.0 0.0 0.0 5 62.5
-18.0   0.02 0.0 6 62.5
-18.0   0.02 0.0 7 62.5
-18.0   0.02 0.0 8 62.5
-18.0   0.02 0.0 9 62.5
-18.0   0.02 0.0 10 62.5
-18.0   0.02 0.0 11 62.5
-18.0   0.02 0.0 12 62.5
-18.0   0.02 0.0 13 62.5
-18.0   0.02 0.0 14 62.5
-18.0   0.02 0.0 15 62.5
-18.0 3.0 2156.0 0.0 0.02 16 62.5
-18.0 49.0 2156.0 0.02 0.07 17 62.5
-18.0 286.0 2156.0 0.13 0.17 18 62.5
-18.0 474.0 2156.0 0.22 0.36 19 62.5
-18.0 857.0 2156.0 0.4 0.58 20 62.5
-18.0 1548.0 2156.0 0.72 0.74 21 62.5
-18.0 1876.0 2156.0 0.87 0.75 22 62.5
-18.0 223.0 2156.0 0.1 0.2 24 63.5
-18.0 70.0 2156.0 0.03 0.09 1 63.5
-18.0 74.0 2156.0 0.03 0.03 2 63.5
-18.0 42.0 2156.0 0.02 0.01 3 63.5
-18.0 21.0 2156.0 0.01 0.0 4 63.5
-18.0   0.02 0.0 5 63.5
-18.0   0.02 0.0 6 63.5
-18.0   0.02 0.0 7 63.5
-18.0   0.02 0.0 8 63.5
-18.0   0.02 0.0 9 63.5
-18.0   0.02 0.0 10 63.5
-18.0   0.02 0.0 11 63.5
-18.0   0.02 0.0 12 63.5
-18.0   0.02 0.0 13 63.5
-18.0   0.02 0.0 14 63.5
-18.0   0.02 0.01 15 63.5
-18.0 5.0 2156.0 0.0 0.03 16 63.5
-18.0 92.0 2156.0 0.04 0.08 17 63.5
-18.0 273.0 2156.0 0.13 0.18 18 63.5
-18.0 558.0 2156.0 0.26 0.34 19 63.5
-18.0 848.0 2156.0 0.39 0.49 20 63.5
-18.0 1151.0 2156.0 0.53 0.57 21 63.5
-18.0 1039.0 2156.0 0.48 0.51 22 63.5
-18.0 46.0 2156.0 0.02 0.09 24 64.5
-18.0 2.0 2156.0 0.0 0.04 1 64.5
-18.0 9.0 2156.0 0.0 0.01 2 64.5
-18.0 3.0 2156.0 0.0 0.0 3 64.5
-18.0 4.0 2156.0 0.0 0.0 4 64.5
-18.0   0.02 0.0 5 64.5
-18.0   0.02 0.0 6 64.5
-18.0   0.02 0.0 7 64.5
-18.0   0.02 0.0 8 64.5
-18.0   0.02 0.0 9 64.5
-18.0   0.02 0.0 10 64.5
-18.0   0.02 0.0 11 64.5
-18.0   0.02 0.0 12 64.5
-18.0   0.02 0.0 13 64.5
-18.0   0.02 0.0 14 64.5
-18.0 8.0 2156.0 0.0 0.01 15 64.5
-18.0 13.0 2156.0 0.01 0.03 16 64.5
-18.0 119.0 2156.0 0.06 0.07 17 64.5
-18.0 318.0 2156.0 0.15 0.16 18 64.5
-18.0 485.0 2156.0 0.22 0.26 19 64.5
-18.0 610.0 2156.0 0.28 0.34 20 64.5
-18.0 625.0 2156.0 0.29 0.35 21 64.5
-18.0 406.0 2156.0 0.19 0.29 22 64.5
-5.0 23.0 1039.0 0.02 0.0 24 50.5
-5.0 36.0 1039.0 0.03 0.0 1 50.5
-5.0 63.0 1039.0 0.06 0.0 2 50.5
-5.0 110.0 1039.0 0.11 0.0 3 50.5
-5.0 65.0 1039.0 0.06 0.0 4 50.5
-5.0 30.0 1039.0 0.03 0.0 5 50.5
-5.0 13.0 1039.0 0.01 0.0 6 50.5
-5.0 5.0 1039.0 0.0 0.0 7 50.5
-5.0   0.02 0.0 8 50.5
-5.0   0.02 0.0 9 50.5
-5.0   0.02 0.0 10 50.5
-5.0   0.02 0.0 11 50.5
-5.0   0.02 0.0 12 50.5
-5.0   0.02 0.0 13 50.5
-5.0   0.02 0.0 14 50.5
-5.0   0.02 0.0 15 50.5
-5.0   0.02 0.0 16 50.5
-5.0   0.02 0.0 17 50.5
-5.0   0.02 0.0 18 50.5
-5.0   0.02 0.0 19 50.5
-5.0 9.0 1039.0 0.01 0.0 20 50.5
-5.0 5.0 1039.0 0.0 0.0 21 50.5
-5.0 2.0 1039.0 0.0 0.0 22 50.5
-5.0 24.0 1039.0 0.02 0.0 24 51.5
-5.0 53.0 1039.0 0.05 0.0 1 51.5
-5.0 68.0 1039.0 0.07 0.0 2 51.5
-5.0 139.0 1039.0 0.13 0.0 3 51.5
-5.0 64.0 1039.0 0.06 0.0 4 51.5
-5.0 22.0 1039.0 0.02 0.0 5 51.5
-5.0 3.0 1039.0 0.0 0.0 6 51.5
-5.0   0.02 0.0 7 51.5
-5.0 1.0 1039.0 0.0 0.0 8 51.5
-5.0   0.02 0.0 9 51.5
-5.0   0.02 0.0 10 51.5
-5.0   0.02 0.0 11 51.5
-5.0   0.02 0.0 12 51.5
-5.0   0.02 0.0 13 51.5
-5.0   0.02 0.0 14 51.5
-5.0   0.02 0.0 15 51.5
-5.0 1.0 1039.0 0.0 0.0 16 51.5
-5.0   0.02 0.0 17 51.5
-5.0 1.0 1039.0 0.0 0.0 18 51.5
-5.0   0.02 0.0 19 51.5
-5.0 5.0 1039.0 0.0 0.0 20 51.5
-5.0 4.0 1039.0 0.0 0.0 21 51.5
-5.0 5.0 1039.0 0.0 0.0 22 51.5
-5.0 12.0 1039.0 0.01 0.0 24 52.5
-5.0 36.0 1039.0 0.03 0.0 1 52.5
-5.0 30.0 1039.0 0.03 0.0 2 52.5
-5.0 90.0 1039.0 0.09 0.0 3 52.5
-5.0 32.0 1039.0 0.03 0.0 4 52.5
-5.0 6.0 1039.0 0.01 0.0 5 52.5
-5.0   0.02 0.0 6 52.5
-5.0   0.02 0.0 7 52.5
-5.0   0.02 0.0 8 52.5
-5.0   0.02 0.0 9 52.5
-5.0   0.02 0.0 10 52.5
-5.0   0.02 0.0 11 52.5
-5.0   0.02 0.0 12 52.5
-5.0   0.02 0.0 13 52.5
-5.0   0.02 0.0 14 52.5
-5.0   0.02 0.0 15 52.5
-5.0   0.02 0.0 16 52.5
-5.0   0.02 0.0 17 52.5
-5.0   0.02 0.0 18 52.5
-5.0   0.02 0.0 19 52.5
-5.0 5.0 1039.0 0.0 0.0 20 52.5
-5.0 2.0 1039.0 0.0 0.0 21 52.5
-5.0 3.0 1039.0 0.0 0.0 22 52.5
-5.0 6.0 1039.0 0.01 0.0 24 53.5
-5.0 27.0 1039.0 0.03 0.0 1 53.5
-5.0 29.0 1039.0 0.03 0.01 2 53.5
-5.0 54.0 1039.0 0.05 0.01 3 53.5
-5.0 37.0 1039.0 0.04 0.0 4 53.5
-5.0 11.0 1039.0 0.01 0.0 5 53.5
-5.0   0.02 0.0 6 53.5
-5.0   0.02 0.0 7 53.5
-5.0   0.02 0.0 8 53.5
-5.0   0.02 0.0 9 53.5
-5.0   0.02 0.0 10 53.5
-5.0   0.02 0.0 11 53.5
-5.0   0.02 0.0 12 53.5
-5.0   0.02 0.0 13 53.5
-5.0   0.02 0.0 14 53.5
-5.0   0.02 0.0 15 53.5
-5.0   0.02 0.0 16 53.5
-5.0   0.02 0.0 17 53.5
-5.0   0.02 0.0 18 53.5
-5.0   0.02 0.0 19 53.5
-5.0 2.0 1039.0 0.0 0.0 20 53.5
-5.0   0.02 0.0 21 53.5
-5.0   0.02 0.0 22 53.5
-5.0 16.0 1039.0 0.02 0.01 24 54.5
-5.0 31.0 1039.0 0.03 0.02 1 54.5
-5.0 61.0 1039.0 0.06 0.02 2 54.5
-5.0 67.0 1039.0 0.06 0.02 3 54.5
-5.0 44.0 1039.0 0.04 0.01 4 54.5
-5.0 5.0 1039.0 0.0 0.01 5 54.5
-5.0   0.02 0.0 6 54.5
-5.0   0.02 0.0 7 54.5
-5.0   0.02 0.0 8 54.5
-5.0   0.02 0.0 9 54.5
-5.0   0.02 0.0 10 54.5
-5.0   0.02 0.0 11 54.5
-5.0   0.02 0.0 12 54.5
-5.0   0.02 0.0 13 54.5
-5.0   0.02 0.0 14 54.5
-5.0   0.02 0.0 15 54.5
-5.0   0.02 0.0 16 54.5
-5.0   0.02 0.0 17 54.5
-5.0   0.02 0.0 18 54.5
-5.0 2.0 1039.0 0.0 0.0 19 54.5
-5.0 6.0 1039.0 0.01 0.0 20 54.5
-5.0 1.0 1039.0 0.0 0.0 21 54.5
-5.0 3.0 1039.0 0.0 0.0 22 54.5
-5.0 33.0 1039.0 0.03 0.04 24 55.5
-5.0 61.0 1039.0 0.06 0.05 1 55.5
-5.0 102.0 1039.0 0.1 0.05 2 55.5
-5.0 79.0 1039.0 0.08 0.04 3 55.5
-5.0 31.0 1039.0 0.03 0.03 4 55.5
-5.0 5.0 1039.0 0.0 0.01 5 55.5
-5.0 1.0 1039.0 0.0 0.0 6 55.5
-5.0   0.02 0.0 7 55.5
-5.0   0.02 0.0 8 55.5
-5.0   0.02 0.0 9 55.5
-5.0   0.02 0.0 10 55.5
-5.0   0.02 0.0 11 55.5
-5.0   0.02 0.0 12 55.5
-5.0   0.02 0.0 13 55.5
-5.0   0.02 0.0 14 55.5
-5.0   0.02 0.0 15 55.5
-5.0   0.02 0.0 16 55.5
-5.0   0.02 0.0 17 55.5
-5.0   0.02 0.0 18 55.5
-5.0 1.0 1039.0 0.0 0.0 19 55.5
-5.0 12.0 1039.0 0.01 0.0 20 55.5
-5.0 17.0 1039.0 0.02 0.0 21 55.5
-5.0 9.0 1039.0 0.01 0.01 22 55.5
-5.0 68.0 1039.0 0.07 0.1 24 56.5
-5.0 96.0 1039.0 0.09 0.12 1 56.5
-5.0 149.0 1039.0 0.14 0.11 2 56.5
-5.0 111.0 1039.0 0.11 0.08 3 56.5
-5.0 25.0 1039.0 0.02 0.04 4 56.5
-5.0 7.0 1039.0 0.01 0.02 5 56.5
-5.0 1.0 1039.0 0.0 0.01 6 56.5
-5.0   0.02 0.0 7 56.5
-5.0   0.02 0.0 8 56.5
-5.0   0.02 0.0 9 56.5
-5.0   0.02 0.0 10 56.5
-5.0   0.02 0.0 11 56.5
-5.0   0.02 0.0 12 56.5
-5.0   0.02 0.0 13 56.5
-5.0   0.02 0.0 14 56.5
-5.0   0.02 0.0 15 56.5
-5.0   0.02 0.0 16 56.5
-5.0   0.02 0.0 17 56.5
-5.0 5.0 1039.0 0.0 0.0 18 56.5
-5.0 12.0 1039.0 0.01 0.0 19 56.5
-5.0 24.0 1039.0 0.02 0.0 20 56.5
-5.0 32.0 1039.0 0.03 0.02 21 56.5
-5.0 42.0 1039.0 0.04 0.04 22 56.5
-5.0 160.0 1039.0 0.15 0.23 24 57.5
-5.0 266.0 1039.0 0.26 0.24 1 57.5
-5.0 284.0 1039.0 0.27 0.19 2 57.5
-5.0 195.0 1039.0 0.19 0.12 3 57.5
-5.0 44.0 1039.0 0.04 0.06 4 57.5
-5.0 10.0 1039.0 0.01 0.02 5 57.5
-5.0 2.0 1039.0 0.0 0.01 6 57.5
-5.0   0.02 0.0 7 57.5
-5.0   0.02 0.0 8 57.5
-5.0   0.02 0.0 9 57.5
-5.0   0.02 0.0 10 57.5
-5.0   0.02 0.0 11 57.5
-5.0   0.02 0.0 12 57.5
-5.0   0.02 0.0 13 57.5
-5.0   0.02 0.0 14 57.5
-5.0   0.02 0.0 15 57.5
-5.0   0.02 0.0 16 57.5
-5.0 3.0 1039.0 0.0 0.0 17 57.5
-5.0 8.0 1039.0 0.01 0.0 18 57.5
-5.0 16.0 1039.0 0.02 0.0 19 57.5
-5.0 40.0 1039.0 0.04 0.02 20 57.5
-5.0 62.0 1039.0 0.06 0.05 21 57.5
-5.0 104.0 1039.0 0.1 0.1 22 57.5
-5.0 361.0 1039.0 0.35 0.41 24 58.5
-5.0 416.0 1039.0 0.4 0.38 1 58.5
-5.0 347.0 1039.0 0.33 0.28 2 58.5
-5.0 180.0 1039.0 0.17 0.16 3 58.5
-5.0 58.0 1039.0 0.06 0.07 4 58.5
-5.0 13.0 1039.0 0.01 0.03 5 58.5
-5.0 1.0 1039.0 0.0 0.01 6 58.5
-5.0 2.0 1039.0 0.0 0.0 7 58.5
-5.0   0.02 0.0 8 58.5
-5.0   0.02 0.0 9 58.5
-5.0   0.02 0.0 10 58.5
-5.0   0.02 0.0 11 58.5
-5.0   0.02 0.0 12 58.5
-5.0   0.02 0.0 13 58.5
-5.0   0.02 0.0 14 58.5
-5.0   0.02 0.0 15 58.5
-5.0   0.02 0.0 16 58.5
-5.0 3.0 1039.0 0.0 0.0 17 58.5
-5.0 9.0 1039.0 0.01 0.0 18 58.5
-5.0 35.0 1039.0 0.03 0.02 19 58.5
-5.0 58.0 1039.0 0.06 0.05 20 58.5
-5.0 113.0 1039.0 0.11 0.12 21 58.5
-5.0 222.0 1039.0 0.21 0.23 22 58.5
-5.0 520.0 1039.0 0.5 0.61 24 59.5
-5.0 492.0 1039.0 0.47 0.51 1 59.5
-5.0 347.0 1039.0 0.33 0.33 2 59.5
-5.0 184.0 1039.0 0.18 0.17 3 59.5
-5.0 49.0 1039.0 0.05 0.07 4 59.5
-5.0 7.0 1039.0 0.01 0.02 5 59.5
-5.0 1.0 1039.0 0.0 0.01 6 59.5
-5.0   0.02 0.0 7 59.5
-5.0   0.02 0.0 8 59.5
-5.0   0.02 0.0 9 59.5
-5.0   0.02 0.0 10 59.5
-5.0   0.02 0.0 11 59.5
-5.0   0.02 0.0 12 59.5
-5.0   0.02 0.0 13 59.5
-5.0   0.02 0.0 14 59.5
-5.0   0.02 0.0 15 59.5
-5.0   0.02 0.0 16 59.5
-5.0 1.0 1039.0 0.0 0.0 17 59.5
-5.0 12.0 1039.0 0.01 0.01 18 59.5
-5.0 56.0 1039.0 0.05 0.04 19 59.5
-5.0 71.0 1039.0 0.07 0.12 20 59.5
-5.0 230.0 1039.0 0.22 0.25 21 59.5
-5.0 388.0 1039.0 0.37 0.43 22 59.5
-5.0 634.0 1039.0 0.61 0.75 24 60.5
-5.0 582.0 1039.0 0.56 0.55 1 60.5
-5.0 407.0 1039.0 0.39 0.32 2 60.5
-5.0 175.0 1039.0 0.17 0.15 3 60.5
-5.0 28.0 1039.0 0.03 0.05 4 60.5
-5.0 5.0 1039.0 0.0 0.01 5 60.5
-5.0   0.02 0.0 6 60.5
-5.0   0.02 0.0 7 60.5
-5.0   0.02 0.0 8 60.5
-5.0   0.02 0.0 9 60.5
-5.0   0.02 0.0 10 60.5
-5.0   0.02 0.0 11 60.5
-5.0   0.02 0.0 12 60.5
-5.0   0.02 0.0 13 60.5
-5.0   0.02 0.0 14 60.5
-5.0   0.02 0.0 15 60.5
-5.0   0.02 0.0 16 60.5
-5.0 4.0 1039.0 0.0 0.01 17 60.5
-5.0 35.0 1039.0 0.03 0.03 18 60.5
-5.0 103.0 1039.0 0.1 0.09 19 60.5
-5.0 155.0 1039.0 0.15 0.22 20 60.5
-5.0 335.0 1039.0 0.32 0.43 21 60.5
-5.0 618.0 1039.0 0.59 0.66 22 60.5
-5.0 741.0 1039.0 0.71 0.75 24 61.5
-5.0 660.0 1039.0 0.64 0.49 1 61.5
-5.0 521.0 1039.0 0.5 0.25 2 61.5
-5.0 195.0 1039.0 0.19 0.1 3 61.5
-5.0 25.0 1039.0 0.02 0.03 4 61.5
-5.0 12.0 1039.0 0.01 0.01 5 61.5
-5.0 1.0 1039.0 0.0 0.0 6 61.5
-5.0   0.02 0.0 7 61.5
-5.0   0.02 0.0 8 61.5
-5.0   0.02 0.0 9 61.5
-5.0   0.02 0.0 10 61.5
-5.0   0.02 0.0 11 61.5
-5.0   0.02 0.0 12 61.5
-5.0   0.02 0.0 13 61.5
-5.0   0.02 0.0 14 61.5
-5.0   0.02 0.0 15 61.5
-5.0 5.0 1039.0 0.0 0.0 16 61.5
-5.0 5.0 1039.0 0.0 0.02 17 61.5
-5.0 46.0 1039.0 0.04 0.06 18 61.5
-5.0 154.0 1039.0 0.15 0.16 19 61.5
-5.0 251.0 1039.0 0.24 0.35 20 61.5
-5.0 476.0 1039.0 0.46 0.61 21 61.5
-5.0 845.0 1039.0 0.81 0.83 22 61.5
-5.0 679.0 1039.0 0.65 0.61 24 62.5
-5.0 516.0 1039.0 0.5 0.36 1 62.5
-5.0 378.0 1039.0 0.36 0.17 2 62.5
-5.0 125.0 1039.0 0.12 0.06 3 62.5
-5.0 18.0 1039.0 0.02 0.02 4 62.5
-5.0 11.0 1039.0 0.01 0.0 5 62.5
-5.0   0.02 0.0 6 62.5
-5.0   0.02 0.0 7 62.5
-5.0   0.02 0.0 8 62.5
-5.0   0.02 0.0 9 62.5
-5.0   0.02 0.0 10 62.5
-5.0   0.02 0.0 11 62.5
-5.0   0.02 0.0 12 62.5
-5.0   0.02 0.0 13 62.5
-5.0   0.02 0.0 14 62.5
-5.0   0.02 0.0 15 62.5
-5.0 6.0 1039.0 0.01 0.01 16 62.5
-5.0 11.0 1039.0 0.01 0.03 17 62.5
-5.0 73.0 1039.0 0.07 0.09 18 62.5
-5.0 170.0 1039.0 0.16 0.23 19 62.5
-5.0 318.0 1039.0 0.31 0.45 20 62.5
-5.0 586.0 1039.0 0.56 0.7 21 62.5
-5.0 1039.0 1039.0 1.0 0.86 22 62.5
-5.0 414.0 1039.0 0.4 0.41 24 63.5
-5.0 198.0 1039.0 0.19 0.22 1 63.5
-5.0 126.0 1039.0 0.12 0.09 2 63.5
-5.0 49.0 1039.0 0.05 0.03 3 63.5
-5.0 23.0 1039.0 0.02 0.01 4 63.5
-5.0 5.0 1039.0 0.0 0.0 5 63.5
-5.0   0.02 0.0 6 63.5
-5.0   0.02 0.0 7 63.5
-5.0   0.02 0.0 8 63.5
-5.0   0.02 0.0 9 63.5
-5.0   0.02 0.0 10 63.5
-5.0   0.02 0.0 11 63.5
-5.0   0.02 0.0 12 63.5
-5.0   0.02 0.0 13 63.5
-5.0   0.02 0.0 14 63.5
-5.0   0.02 0.0 15 63.5
-5.0 5.0 1039.0 0.0 0.01 16 63.5
-5.0 22.0 1039.0 0.02 0.04 17 63.5
-5.0 87.0 1039.0 0.08 0.12 18 63.5
-5.0 238.0 1039.0 0.23 0.27 19 63.5
-5.0 385.0 1039.0 0.37 0.48 20 63.5
-5.0 610.0 1039.0 0.59 0.67 21 63.5
-5.0 914.0 1039.0 0.88 0.72 22 63.5
-5.0 121.0 1039.0 0.12 0.23 24 64.5
-5.0 28.0 1039.0 0.03 0.11 1 64.5
-5.0 18.0 1039.0 0.02 0.04 2 64.5
-5.0 24.0 1039.0 0.02 0.01 3 64.5
-5.0 10.0 1039.0 0.01 0.0 4 64.5
-5.0 5.0 1039.0 0.0 0.0 5 64.5
-5.0   0.02 0.0 6 64.5
-5.0   0.02 0.0 7 64.5
-5.0   0.02 0.0 8 64.5
-5.0   0.02 0.0 9 64.5
-5.0   0.02 0.0 10 64.5
-5.0   0.02 0.0 11 64.5
-5.0   0.02 0.0 12 64.5
-5.0   0.02 0.0 13 64.5
-5.0   0.02 0.0 14 64.5
-5.0 1.0 1039.0 0.0 0.0 15 64.5
-5.0 6.0 1039.0 0.01 0.02 16 64.5
-5.0 29.0 1039.0 0.03 0.05 17 64.5
-5.0 106.0 1039.0 0.1 0.13 18 64.5
-5.0 276.0 1039.0 0.27 0.27 19 64.5
-5.0 472.0 1039.0 0.45 0.42 20 64.5
-5.0 574.0 1039.0 0.55 0.52 21 64.5
-5.0 602.0 1039.0 0.58 0.5 22 64.5
-95.0 1.0 333.0 0.0 0.06 23 50.5
-95.0 31.0 333.0 0.09 0.13 23 51.5
-95.0 80.0 333.0 0.24 0.22 23 52.5
-95.0 93.0 333.0 0.28 0.31 23 53.5
-95.0 126.0 333.0 0.38 0.36 23 54.5
-95.0 97.0 333.0 0.29 0.34 23 55.5
-95.0 79.0 333.0 0.24 0.26 23 56.5
-95.0 75.0 333.0 0.23 0.16 23 57.5
-95.0 48.0 333.0 0.14 0.08 23 58.5
-95.0 24.0 333.0 0.07 0.03 23 59.5
-95.0 11.0 333.0 0.03 0.01 23 60.5
-95.0 7.0 333.0 0.02 0.0 23 61.5
-57.0 3.0 610.0 0.0 0.02 23 51.5
-57.0 16.0 610.0 0.03 0.05 23 52.5
-57.0 68.0 610.0 0.11 0.13 23 53.5
-57.0 162.0 610.0 0.27 0.27 23 54.5
-57.0 264.0 610.0 0.43 0.45 23 55.5
-57.0 292.0 610.0 0.48 0.6 23 56.5
-57.0 227.0 610.0 0.37 0.66 23 57.5
-57.0 165.0 610.0 0.27 0.6 23 58.5
-57.0 111.0 610.0 0.18 0.44 23 59.5
-57.0 51.0 610.0 0.08 0.27 23 60.5
-57.0 27.0 610.0 0.04 0.13 23 61.5
-57.0 25.0 610.0 0.04 0.05 23 62.5
-57.0 7.0 610.0 0.01 0.02 23 63.5
-57.0 1.0 610.0 0.0 0.0 23 64.5
-36.0 5.0 1889.0 0.0 0.0 23 50.5
-36.0 8.0 1889.0 0.0 0.0 23 51.5
-36.0 8.0 1889.0 0.0 0.01 23 52.5
-36.0 53.0 1889.0 0.03 0.03 23 53.5
-36.0 127.0 1889.0 0.07 0.1 23 54.5
-36.0 301.0 1889.0 0.16 0.22 23 55.5
-36.0 603.0 1889.0 0.32 0.41 23 56.5
-36.0 1057.0 1889.0 0.56 0.62 23 57.5
-36.0 1266.0 1889.0 0.67 0.77 23 58.5
-36.0 1263.0 1889.0 0.67 0.79 23 59.5
-36.0 1112.0 1889.0 0.59 0.66 23 60.5
-36.0 736.0 1889.0 0.39 0.45 23 61.5
-36.0 348.0 1889.0 0.18 0.25 23 62.5
-36.0 90.0 1889.0 0.05 0.12 23 63.5
-36.0 22.0 1889.0 0.01 0.04 23 64.5
-18.0 14.0 2156.0 0.01 0.0 23 50.5
-18.0 12.0 2156.0 0.01 0.0 23 51.5
-18.0 1.0 2156.0 0.0 0.0 23 52.5
-18.0 1.0 2156.0 0.0 0.01 23 53.5
-18.0 24.0 2156.0 0.01 0.02 23 54.5
-18.0 42.0 2156.0 0.02 0.07 23 55.5
-18.0 136.0 2156.0 0.06 0.17 23 56.5
-18.0 390.0 2156.0 0.18 0.35 23 57.5
-18.0 707.0 2156.0 0.33 0.58 23 58.5
-18.0 1208.0 2156.0 0.56 0.79 23 59.5
-18.0 1647.0 2156.0 0.76 0.87 23 60.5
-18.0 1652.0 2156.0 0.77 0.79 23 61.5
-18.0 1216.0 2156.0 0.56 0.59 23 62.5
-18.0 547.0 2156.0 0.25 0.36 23 63.5
-18.0 184.0 2156.0 0.09 0.18 23 64.5
-5.0 1.0 1039.0 0.0 0.0 23 50.5
-5.0 3.0 1039.0 0.0 0.0 23 51.5
-5.0 5.0 1039.0 0.0 0.0 23 52.5
-5.0 2.0 1039.0 0.0 0.01 23 54.5
-5.0 22.0 1039.0 0.02 0.02 23 55.5
-5.0 54.0 1039.0 0.05 0.07 23 56.5
-5.0 112.0 1039.0 0.11 0.17 23 57.5
-5.0 247.0 1039.0 0.24 0.35 23 58.5
-5.0 435.0 1039.0 0.42 0.58 23 59.5
-5.0 717.0 1039.0 0.69 0.79 23 60.5
-5.0 822.0 1039.0 0.79 0.89 23 61.5
-5.0 863.0 1039.0 0.83 0.82 23 62.5
-5.0 642.0 1039.0 0.62 0.62 23 63.5
-5.0 299.0 1039.0 0.29 0.38 23 64.5
